1	100
2	13
3	100
4	13
5	100
6	13
7	13
8	140
9	13
10	100
11	100
12	231
13	53
14	382
15	234
16	180
17	237
18	113
19	13
20	237
21	100
22	363
23	100
24	180
25	13
26	363
27	203
28	100
29	100
30	100
31	347
32	167
33	53
34	237
35	100
36	100
37	55
38	13
39	53
40	237
41	237
42	100
43	100
44	359
45	237
46	237
47	235
48	359
49	237
50	13
51	100
52	237
53	433
54	455
55	27
56	58
57	363
58	100
59	237
60	55
61	100
62	58
63	476
64	13
65	237
66	237
67	100
68	363
69	53
70	476
71	235
72	100
73	100
74	55
75	100
76	347
77	53
78	100
79	13
80	100
81	13
82	363
83	100
84	68
85	311
86	237
87	100
88	100
89	359
90	335
91	100
92	237
93	416
94	100
95	13
96	363
97	437
98	13
99	53
100	416
101	100
102	13
103	180
104	68
105	203
106	55
107	437
108	100
109	100
110	100
111	180
112	437
113	311
114	13
115	237
116	100
117	237
118	180
119	237
120	58
121	13
122	203
123	68
124	100
125	100
126	237
127	53
128	237
129	13
130	68
131	363
132	100
133	237
134	100
135	237
136	233
137	237
138	13
139	100
140	13
141	402
142	411
143	100
144	68
145	13
146	100
147	237
148	237
149	100
150	13
151	100
152	53
153	363
154	237
155	237
156	294
157	13
158	13
159	13
160	13
161	237
162	13
163	100
164	100
165	55
166	476
167	13
168	237
169	237
170	237
171	294
172	288
173	13
174	100
175	100
176	100
177	53
178	214
179	237
180	100
181	294
182	100
183	237
184	100
185	231
186	68
187	13
188	100
189	100
190	237
191	100
192	437
193	100
194	40
195	180
196	237
197	100
198	55
199	100
200	53
201	100
202	100
203	100
204	13
205	13
206	63
207	480
208	100
209	275
210	237
211	237
212	237
213	470
214	237
215	237
216	53
217	106
218	476
219	472
220	100
221	100
222	237
223	53
224	100
225	476
226	231
227	55
228	192
229	209
230	68
231	318
232	100
233	100
234	100
235	122
236	13
237	13
238	467
239	13
240	13
241	13
242	13
243	100
244	180
245	68
246	100
247	237
248	363
249	457
250	55
251	100
252	467
253	68
254	203
255	237
256	13
257	237
258	359
259	53
260	13
261	237
262	437
263	347
264	382
265	476
266	13
267	505
268	100
269	237
270	237
271	13
272	174
273	359
274	237
275	100
276	13
277	100
278	294
279	53
280	58
281	237
282	100
283	237
284	13
285	476
286	13
287	437
288	509
289	480
290	471
291	288
292	27
293	237
294	100
295	411
296	13
297	237
298	12
299	237
300	237
301	95
302	100
303	237
304	256
305	100
306	237
307	167
308	13
309	347
310	476
311	13
312	58
313	237
314	100
315	237
316	231
317	237
318	237
319	53
320	294
321	180
322	237
323	13
324	237
325	476
326	106
327	95
328	237
329	237
330	237
331	237
332	100
333	13
334	237
335	231
336	100
337	13
338	68
339	359
340	40
341	53
342	237
343	237
344	356
345	237
346	138
347	453
348	55
349	476
350	68
351	359
352	13
353	437
354	68
355	363
356	121
357	470
358	476
359	237
360	13
361	473
362	237
363	100
364	476
365	237
366	115
367	363
368	53
369	237
370	237
371	231
372	100
373	13
374	100
375	237
376	100
377	53
378	237
379	13
380	436
381	58
382	237
383	55
384	13
385	140
386	13
387	100
388	476
389	237
390	237
391	237
392	100
393	100
394	470
395	100
396	13
397	363
398	237
399	13
400	180
401	335
402	347
403	13
404	476
405	95
406	237
407	347
408	100
409	13
410	68
411	237
412	237
413	100
414	237
415	100
416	237
417	237
418	237
419	437
420	55
421	100
422	494
423	100
424	294
425	13
426	237
427	106
428	53
429	100
430	55
431	55
432	169
433	100
434	237
435	359
436	100
437	68
438	13
439	13
440	13
441	294
442	53
443	237
444	13
445	100
446	58
447	13
448	237
449	13
450	436
451	421
452	100
453	100
454	100
455	416
456	237
457	237
458	53
459	363
460	436
461	100
462	53
463	100
464	209
465	435
466	476
467	237
468	100
469	100
470	55
471	237
472	237
473	100
474	13
475	237
476	13
477	411
478	180
479	100
480	100
481	100
482	237
483	100
484	100
485	13
486	237
487	100
488	13
489	53
490	100
491	100
492	58
493	100
494	233
495	259
496	237
497	106
498	100
499	363
500	13
501	464
502	237
503	55
504	294
505	100
506	23
507	476
508	237
509	13
510	437
511	237
512	100
513	237
514	237
515	100
516	237
517	13
518	13
519	55
520	13
521	100
522	203
523	13
524	100
525	180
526	100
527	53
528	67
529	55
530	53
531	237
532	203
533	294
534	233
535	237
536	100
537	100
538	237
539	53
540	13
541	411
542	13
543	100
544	13
545	100
546	249
547	13
548	100
549	13
550	13
551	100
552	100
553	13
554	13
555	363
556	100
557	437
558	53
559	237
560	100
561	100
562	100
563	100
564	180
565	68
566	237
567	237
568	13
569	237
570	53
571	68
572	470
573	237
574	237
575	237
576	100
577	100
578	100
579	476
580	237
581	180
582	31
583	13
584	100
585	231
586	227
587	237
588	5
589	382
590	237
591	12
592	472
593	237
594	359
595	237
596	237
597	100
598	237
599	237
600	237
601	237
602	237
603	100
604	359
605	100
606	100
607	433
608	237
609	100
610	313
611	100
612	100
613	13
614	237
615	13
616	412
617	100
618	237
619	13
620	363
621	100
622	246
623	13
624	237
625	13
626	13
627	13
628	180
629	68
630	53
631	231
632	433
633	100
634	53
635	288
636	13
637	476
638	13
639	363
640	237
641	237
642	13
643	31
644	100
645	13
646	53
647	347
648	106
649	53
650	53
651	100
652	55
653	237
654	100
655	53
656	437
657	53
658	100
659	100
660	12
661	55
662	203
663	100
664	58
665	53
666	335
667	100
668	68
669	237
670	237
671	95
672	100
673	100
674	231
675	140
676	237
677	237
678	233
679	100
680	237
681	100
682	13
683	13
684	411
685	203
686	237
687	237
688	237
689	100
690	237
691	13
692	237
693	100
694	13
695	12
696	100
697	237
698	100
699	13
700	55
701	237
702	294
703	13
704	237
705	237
706	100
707	13
708	100
709	258
710	53
711	294
712	318
713	294
714	13
715	237
716	100
717	55
718	68
719	13
720	100
721	437
722	13
723	95
724	237
725	106
726	237
727	55
728	294
729	231
730	13
731	100
732	109
733	470
734	237
735	100
736	294
737	237
738	13
739	68
740	237
741	53
742	40
743	476
744	95
745	343
746	13
747	237
748	237
749	294
750	100
751	117
752	359
753	237
754	13
755	237
756	437
757	13
758	53
759	231
760	237
761	13
762	347
763	435
764	237
765	100
766	106
767	237
768	411
769	237
770	237
771	203
772	100
773	100
774	180
775	237
776	237
777	237
778	100
779	203
780	53
781	13
782	237
783	363
784	436
785	437
786	237
787	13
788	237
789	217
790	237
791	13
792	237
793	100
794	294
795	347
796	100
797	472
798	13
799	55
800	106
801	237
802	476
803	13
804	68
805	237
806	13
807	58
808	46
809	100
810	411
811	13
812	476
813	237
814	237
815	237
816	100
817	100
818	237
819	437
820	100
821	100
822	476
823	13
824	363
825	13
826	100
827	100
828	100
829	100
830	100
831	53
832	13
833	13
834	13
835	437
836	437
837	13
838	237
839	437
840	53
841	55
842	13
843	55
844	13
845	58
846	237
847	476
848	180
849	335
850	237
851	437
852	13
853	237
854	100
855	208
856	62
857	100
858	53
859	100
860	363
861	100
862	167
863	237
864	13
865	237
866	100
867	13
868	58
869	68
870	288
871	100
872	69
873	470
874	237
875	40
876	100
877	237
878	233
879	100
880	180
881	13
882	430
883	347
884	13
885	100
886	180
887	13
888	237
889	100
890	233
891	13
892	237
893	294
894	55
895	13
896	100
897	100
898	100
899	100
900	237
901	100
902	100
903	13
904	100
905	100
906	13
907	463
908	58
909	100
910	68
911	239
912	55
913	68
914	250
915	106
916	13
917	437
918	13
919	237
920	53
921	100
922	58
923	100
924	237
925	13
926	58
927	100
928	13
929	13
930	58
931	100
932	58
933	13
934	13
935	100
936	55
937	359
938	237
939	294
940	100
941	100
942	100
943	363
944	13
945	345
946	13
947	100
948	363
949	476
950	363
951	100
952	476
953	13
954	68
955	95
956	100
957	294
958	180
959	13
960	237
961	13
962	237
963	13
964	294
965	237
966	237
967	100
968	363
969	13
970	237
971	100
972	237
973	100
974	233
975	100
976	437
977	53
978	237
979	100
980	53
981	476
982	237
983	53
984	53
985	237
986	100
987	13
988	13
989	437
990	100
991	13
992	476
993	437
994	100
995	13
996	13
997	476
998	343
999	237
1000	233
1001	13
1002	100
1003	237
1004	100
1005	237
1006	117
1007	53
1008	100
1009	53
1010	288
1011	343
1012	13
1013	13
1014	100
1015	237
1016	291
1017	237
1018	100
1019	529
1020	100
1021	203
1022	237
1023	476
1024	13
1025	233
1026	294
1027	318
1028	13
1029	100
1030	411
1031	476
1032	13
1033	476
1034	100
1035	237
1036	100
1037	416
1038	203
1039	359
1040	363
1041	237
1042	237
1043	53
1044	203
1045	55
1046	13
1047	100
1048	100
1049	100
1050	237
1051	100
1052	294
1053	53
1054	68
1055	100
1056	180
1057	100
1058	100
1059	359
1060	400
1061	55
1062	53
1063	100
1064	180
1065	100
1066	100
1067	437
1068	237
1069	100
1070	294
1071	328
1072	100
1073	203
1074	347
1075	13
1076	100
1077	476
1078	13
1079	180
1080	13
1081	100
1082	237
1083	100
1084	100
1085	476
1086	237
1087	12
1088	376
1089	476
1090	13
1091	55
1092	288
1093	100
1094	237
1095	265
1096	40
1097	237
1098	435
1099	237
1100	233
1101	27
1102	100
1103	100
1104	426
1105	161
1106	294
1107	13
1108	58
1109	13
1110	237
1111	233
1112	222
1113	436
1114	100
1115	100
1116	237
1117	233
1118	13
1119	180
1120	237
1121	13
1122	109
1123	476
1124	476
1125	53
1126	237
1127	58
1128	117
1129	58
1130	237
1131	100
1132	180
1133	106
1134	140
1135	100
1136	117
1137	100
1138	100
1139	203
1140	100
1141	100
1142	13
1143	55
1144	13
1145	67
1146	237
1147	55
1148	69
1149	180
1150	294
1151	237
1152	100
1153	237
1154	100
1155	100
1156	13
1157	411
1158	237
1159	13
1160	535
1161	100
1162	435
1163	237
1164	237
1165	53
1166	55
1167	100
1168	109
1169	237
1170	505
1171	437
1172	237
1173	100
1174	53
1175	437
1176	288
1177	68
1178	237
1179	335
1180	13
1181	55
1182	100
1183	294
1184	13
1185	237
1186	237
1187	68
1188	95
1189	294
1190	100
1191	237
1192	13
1193	382
1194	31
1195	100
1196	55
1197	294
1198	294
1199	100
1200	363
1201	68
1202	13
1203	100
1204	237
1205	100
1206	13
1207	53
1208	100
1209	411
1210	13
1211	237
1212	100
1213	476
1214	13
1215	237
1216	100
1217	437
1218	258
1219	100
1220	140
1221	411
1222	13
1223	237
1224	363
1225	40
1226	53
1227	13
1228	106
1229	433
1230	347
1231	13
1232	100
1233	140
1234	200
1235	100
1236	13
1237	237
1238	231
1239	237
1240	288
1241	363
1242	100
1243	100
1244	100
1245	476
1246	161
1247	100
1248	13
1249	100
1250	100
1251	64
1252	13
1253	294
1254	100
1255	470
1256	237
1257	209
1258	237
1259	100
1260	53
1261	100
1262	37
1263	476
1264	343
1265	58
1266	100
1267	13
1268	180
1269	363
1270	294
1271	476
1272	237
1273	13
1274	476
1275	237
1276	237
1277	237
1278	237
1279	100
1280	100
1281	55
1282	237
1283	237
1284	180
1285	380
1286	68
1287	100
1288	347
1289	237
1290	237
1291	100
1292	100
1293	68
1294	31
1295	68
1296	100
1297	237
1298	55
1299	58
1300	117
1301	13
1302	68
1303	237
1304	237
1305	100
1306	237
1307	237
1308	53
1309	237
1310	437
1311	180
1312	13
1313	100
1314	347
1315	411
1316	13
1317	437
1318	294
1319	294
1320	237
1321	476
1322	100
1323	294
1324	237
1325	13
1326	237
1327	237
1328	13
1329	411
1330	476
1331	237
1332	470
1333	237
1334	13
1335	79
1336	13
1337	237
1338	237
1339	237
1340	237
1341	203
1342	55
1343	13
1344	237
1345	55
1346	476
1347	237
1348	13
1349	391
1350	100
1351	100
1352	237
1353	318
1354	100
1355	294
1356	237
1357	237
1358	237
1359	13
1360	288
1361	347
1362	237
1363	13
1364	359
1365	53
1366	288
1367	13
1368	100
1369	13
1370	27
1371	100
1372	13
1373	411
1374	100
1375	437
1376	13
1377	55
1378	237
1379	363
1380	476
1381	68
1382	95
1383	237
1384	237
1385	318
1386	100
1387	492
1388	53
1389	100
1390	100
1391	53
1392	294
1393	237
1394	13
1395	13
1396	100
1397	13
1398	100
1399	53
1400	237
1401	363
1402	294
1403	58
1404	55
1405	237
1406	180
1407	68
1408	237
1409	237
1410	13
1411	100
1412	100
1413	437
1414	53
1415	100
1416	288
1417	68
1418	68
1419	13
1420	13
1421	100
1422	53
1423	294
1424	53
1425	237
1426	53
1427	237
1428	363
1429	100
1430	100
1431	53
1432	13
1433	237
1434	100
1435	379
1436	53
1437	13
1438	13
1439	100
1440	13
1441	55
1442	53
1443	237
1444	55
1445	402
1446	294
1447	237
1448	237
1449	100
1450	237
1451	237
1452	13
1453	13
1454	100
1455	249
1456	237
1457	237
1458	437
1459	100
1460	237
1461	13
1462	294
1463	13
1464	85
1465	237
1466	237
1467	411
1468	53
1469	100
1470	237
1471	68
1472	59
1473	53
1474	12
1475	100
1476	470
1477	359
1478	237
1479	237
1480	109
1481	111
1482	237
1483	13
1484	13
1485	13
1486	379
1487	31
1488	237
1489	100
1490	237
1491	69
1492	13
1493	117
1494	67
1495	237
1496	13
1497	12
1498	55
1499	294
1500	100
1501	68
1502	13
1503	363
1504	437
1505	100
1506	100
1507	237
1508	237
1509	237
1510	237
1511	437
1512	13
1513	13
1514	288
1515	275
1516	347
1517	13
1518	13
1519	180
1520	13
1521	237
1522	13
1523	13
1524	476
1525	100
1526	250
1527	359
1528	13
1529	58
1530	13
1531	294
1532	237
1533	335
1534	100
1535	100
1536	294
1537	237
1538	237
1539	53
1540	13
1541	258
1542	40
1543	363
1544	275
1545	53
1546	237
1547	100
1548	312
1549	55
1550	294
1551	53
1552	237
1553	237
1554	258
1555	237
1556	312
1557	100
1558	100
1559	237
1560	476
1561	53
1562	100
1563	237
1564	237
1565	476
1566	237
1567	237
1568	91
1569	100
1570	237
1571	100
1572	237
1573	237
1574	237
1575	476
1576	100
1577	411
1578	100
1579	411
1580	100
1581	437
1582	37
1583	298
1584	100
1585	237
1586	13
1587	237
1588	526
1589	231
1590	237
1591	100
1592	53
1593	237
1594	180
1595	95
1596	40
1597	237
1598	55
1599	294
1600	95
1601	58
1602	237
1603	100
1604	237
1605	237
1606	100
1607	435
1608	494
1609	100
1610	13
1611	100
1612	13
1613	237
1614	237
1615	106
1616	100
1617	476
1618	237
1619	237
1620	411
1621	100
1622	288
1623	95
1624	68
1625	345
1626	100
1627	476
1628	13
1629	288
1630	237
1631	100
1632	100
1633	294
1634	100
1635	13
1636	294
1637	106
1638	237
1639	53
1640	100
1641	237
1642	180
1643	237
1644	13
1645	237
1646	233
1647	180
1648	100
1649	100
1650	187
1651	13
1652	347
1653	294
1654	13
1655	13
1656	237
1657	100
1658	100
1659	291
1660	237
1661	58
1662	237
1663	109
1664	237
1665	237
1666	237
1667	100
1668	278
1669	237
1670	437
1671	100
1672	237
1673	237
1674	68
1675	288
1676	13
1677	100
1678	237
1679	58
1680	38
1681	237
1682	68
1683	237
1684	526
1685	437
1686	437
1687	53
1688	13
1689	237
1690	237
1691	58
1692	237
1693	437
1694	68
1695	411
1696	237
1697	294
1698	100
1699	100
1700	13
1701	58
1702	100
1703	100
1704	13
1705	237
1706	53
1707	237
1708	68
1709	237
1710	100
1711	100
1712	294
1713	387
1714	100
1715	480
1716	180
1717	237
1718	237
1719	237
1720	294
1721	58
1722	100
1723	13
1724	38
1725	100
1726	437
1727	237
1728	53
1729	100
1730	100
1731	237
1732	53
1733	55
1734	330
1735	237
1736	237
1737	100
1738	294
1739	214
1740	55
1741	100
1742	53
1743	237
1744	100
1745	100
1746	100
1747	100
1748	237
1749	68
1750	237
1751	363
1752	237
1753	53
1754	237
1755	237
1756	237
1757	203
1758	53
1759	437
1760	288
1761	13
1762	100
1763	237
1764	237
1765	53
1766	318
1767	13
1768	237
1769	100
1770	13
1771	437
1772	100
1773	237
1774	437
1775	13
1776	437
1777	237
1778	100
1779	138
1780	13
1781	421
1782	237
1783	237
1784	237
1785	53
1786	13
1787	359
1788	237
1789	436
1790	53
1791	100
1792	476
1793	203
1794	237
1795	100
1796	363
1797	294
1798	100
1799	100
1800	13
1801	13
1802	435
1803	13
1804	237
1805	100
1806	347
1807	100
1808	294
1809	100
1810	237
1811	233
1812	318
1813	237
1814	100
1815	55
1816	100
1817	100
1818	100
1819	237
1820	13
1821	100
1822	100
1823	294
1824	476
1825	13
1826	167
1827	13
1828	13
1829	237
1830	363
1831	13
1832	38
1833	275
1834	13
1835	237
1836	237
1837	68
1838	13
1839	100
1840	237
1841	437
1842	180
1843	100
1844	53
1845	100
1846	408
1847	13
1848	411
1849	167
1850	203
1851	13
1852	359
1853	13
1854	68
1855	13
1856	294
1857	38
1858	13
1859	13
1860	100
1861	68
1862	237
1863	55
1864	381
1865	53
1866	100
1867	314
1868	507
1869	237
1870	168
1871	180
1872	100
1873	13
1874	68
1875	100
1876	53
1877	100
1878	237
1879	100
1880	53
1881	13
1882	100
1883	100
1884	100
1885	13
1886	53
1887	13
1888	13
1889	470
1890	13
1891	294
1892	100
1893	335
1894	68
1895	379
1896	100
1897	237
1898	294
1899	180
1900	100
1901	68
1902	100
1903	100
1904	58
1905	53
1906	437
1907	53
1908	435
1909	100
1910	13
1911	203
1912	237
1913	100
1914	237
1915	100
1916	100
1917	237
1918	68
1919	13
1920	294
1921	237
1922	13
1923	100
1924	437
1925	13
1926	237
1927	100
1928	237
1929	100
1930	237
1931	55
1932	100
1933	67
1934	470
1935	100
1936	363
1937	237
1938	100
1939	437
1940	67
1941	317
1942	100
1943	100
1944	106
1945	288
1946	411
1947	13
1948	68
1949	100
1950	100
1951	294
1952	13
1953	363
1954	237
1955	100
1956	13
1957	13
1958	100
1959	359
1960	237
1961	68
1962	237
1963	237
1964	237
1965	237
1966	237
1967	347
1968	237
1969	294
1970	476
1971	100
1972	233
1973	294
1974	13
1975	237
1976	233
1977	100
1978	13
1979	237
1980	100
1981	100
1982	140
1983	180
1984	58
1985	237
1986	13
1987	68
1988	237
1989	237
1990	13
1991	55
1992	100
1993	13
1994	100
1995	288
1996	237
1997	437
1998	13
1999	237
2000	13
2001	100
2002	100
2003	13
2004	100
2005	4
2006	13
2007	335
2008	237
2009	237
2010	437
2011	237
2012	100
2013	100
2014	95
2015	13
2016	237
2017	100
2018	237
2019	237
2020	13
2021	100
2022	100
2023	233
2024	13
2025	100
2026	13
2027	258
2028	55
2029	237
2030	237
2031	437
2032	100
2033	100
2034	46
2035	13
2036	436
2037	237
2038	237
2039	68
2040	100
2041	53
2042	231
2043	55
2044	100
2045	100
2046	219
2047	288
2048	411
2049	237
2050	237
2051	53
2052	437
2053	100
2054	100
2055	13
2056	393
2057	106
2058	68
2059	53
2060	100
2061	359
2062	100
2063	437
2064	237
2065	237
2066	180
2067	95
2068	100
2069	437
2070	100
2071	95
2072	476
2073	237
2074	237
2075	296
2076	13
2077	437
2078	294
2079	237
2080	13
2081	13
2082	100
2083	100
2084	363
2085	95
2086	237
2087	237
2088	68
2089	100
2090	13
2091	100
2092	312
2093	100
2094	435
2095	294
2096	237
2097	237
2098	68
2099	40
2100	237
2101	13
2102	347
2103	100
2104	100
2105	100
2106	437
2107	476
2108	95
2109	436
2110	13
2111	343
2112	343
2113	294
2114	180
2115	95
2116	117
2117	12
2118	100
2119	237
2120	294
2121	233
2122	100
2123	237
2124	237
2125	12
2126	100
2127	237
2128	342
2129	437
2130	237
2131	237
2132	237
2133	100
2134	196
2135	100
2136	100
2137	100
2138	53
2139	237
2140	231
2141	294
2142	288
2143	237
2144	237
2145	100
2146	294
2147	237
2148	526
2149	100
2150	476
2151	68
2152	345
2153	476
2154	100
2155	100
2156	117
2157	237
2158	237
2159	40
2160	237
2161	13
2162	100
2163	13
2164	100
2165	13
2166	237
2167	100
2168	100
2169	237
2170	100
2171	237
2172	237
2173	100
2174	237
2175	13
2176	237
2177	237
2178	13
2179	165
2180	100
2181	437
2182	53
2183	100
2184	13
2185	203
2186	378
2187	246
2188	237
2189	13
2190	13
2191	100
2192	363
2193	237
2194	294
2195	345
2196	237
2197	472
2198	167
2199	359
2200	68
2201	68
2202	68
2203	13
2204	363
2205	237
2206	53
2207	138
2208	237
2209	68
2210	13
2211	476
2212	294
2213	38
2214	433
2215	237
2216	100
2217	382
2218	13
2219	100
2220	100
2221	87
2222	13
2223	100
2224	203
2225	237
2226	100
2227	100
2228	13
2229	237
2230	100
2231	13
2232	100
2233	237
2234	237
2235	68
2236	13
2237	320
2238	68
2239	53
2240	347
2241	294
2242	436
2243	237
2244	476
2245	237
2246	437
2247	140
2248	13
2249	233
2250	412
2251	95
2252	53
2253	363
2254	476
2255	267
2256	68
2257	58
2258	100
2259	100
2260	13
2261	288
2262	13
2263	100
2264	294
2265	318
2266	13
2267	13
2268	100
2269	109
2270	100
2271	100
2272	100
2273	100
2274	13
2275	68
2276	347
2277	237
2278	237
2279	180
2280	237
2281	68
2282	268
2283	100
2284	237
2285	68
2286	237
2287	237
2288	294
2289	95
2290	13
2291	237
2292	100
2293	13
2294	100
2295	100
2296	13
2297	237
2298	55
2299	411
2300	100
2301	53
2302	95
2303	13
2304	237
2305	237
2306	13
2307	100
2308	100
2309	100
2310	363
2311	294
2312	53
2313	100
2314	91
2315	476
2316	411
2317	13
2318	53
2319	510
2320	363
2321	13
2322	68
2323	95
2324	237
2325	100
2326	100
2327	470
2328	68
2329	13
2330	100
2331	100
2332	237
2333	100
2334	237
2335	399
2336	100
2337	100
2338	100
2339	53
2340	13
2341	68
2342	206
2343	180
2344	237
2345	100
2346	55
2347	55
2348	100
2349	363
2350	509
2351	12
2352	13
2353	237
2354	13
2355	476
2356	100
2357	13
2358	13
2359	100
2360	55
2361	13
2362	237
2363	476
2364	13
2365	470
2366	100
2367	13
2368	13
2369	476
2370	100
2371	40
2372	100
2373	347
2374	13
2375	237
2376	100
2377	233
2378	53
2379	476
2380	436
2381	237
2382	472
2383	100
2384	437
2385	470
2386	180
2387	62
2388	100
2389	100
2390	237
2391	13
2392	100
2393	13
2394	12
2395	100
2396	436
2397	237
2398	100
2399	363
2400	237
2401	237
2402	100
2403	476
2404	100
2405	408
2406	100
2407	13
2408	237
2409	269
2410	100
2411	13
2412	237
2413	363
2414	237
2415	100
2416	237
2417	100
2418	237
2419	437
2420	237
2421	95
2422	237
2423	288
2424	237
2425	100
2426	237
2427	13
2428	237
2429	100
2430	100
2431	347
2432	53
2433	13
2434	100
2435	312
2436	294
2437	344
2438	237
2439	100
2440	13
2441	13
2442	53
2443	379
2444	237
2445	237
2446	435
2447	237
2448	100
2449	13
2450	117
2451	109
2452	237
2453	237
2454	294
2455	237
2456	13
2457	53
2458	100
2459	237
2460	237
2461	180
2462	435
2463	237
2464	461
2465	476
2466	100
2467	237
2468	100
2469	95
2470	100
2471	476
2472	237
2473	363
2474	231
2475	13
2476	411
2477	411
2478	53
2479	237
2480	411
2481	437
2482	100
2483	231
2484	100
2485	435
2486	13
2487	13
2488	13
2489	58
2490	363
2491	53
2492	117
2493	53
2494	233
2495	53
2496	470
2497	416
2498	437
2499	95
2500	237
2501	13
2502	53
2503	55
2504	100
2505	58
2506	294
2507	237
2508	476
2509	53
2510	13
2511	100
2512	100
2513	310
2514	237
2515	237
2516	100
2517	250
2518	55
2519	55
2520	237
2521	237
2522	437
2523	436
2524	237
2525	78
2526	13
2527	13
2528	237
2529	100
2530	95
2531	100
2532	100
2533	411
2534	95
2535	13
2536	476
2537	476
2538	237
2539	237
2540	53
2541	237
2542	237
2543	476
2544	363
2545	363
2546	68
2547	53
2548	237
2549	476
2550	95
2551	237
2552	13
2553	359
2554	100
2555	106
2556	476
2557	347
2558	258
2559	31
2560	53
2561	55
2562	237
2563	470
2564	294
2565	100
2566	233
2567	294
2568	78
2569	203
2570	53
2571	237
2572	233
2573	13
2574	100
2575	100
2576	13
2577	100
2578	55
2579	237
2580	13
2581	345
2582	363
2583	49
2584	237
2585	100
2586	100
2587	13
2588	13
2589	100
2590	55
2591	237
2592	237
2593	100
2594	363
2595	54
2596	453
2597	100
2598	53
2599	100
2600	100
2601	237
2602	294
2603	288
2604	100
2605	13
2606	68
2607	470
2608	68
2609	100
2610	237
2611	100
2612	95
2613	237
2614	237
2615	318
2616	53
2617	180
2618	100
2619	237
2620	411
2621	237
2622	237
2623	13
2624	288
2625	237
2626	421
2627	100
2628	237
2629	68
2630	13
2631	294
2632	13
2633	13
2634	13
2635	13
2636	237
2637	68
2638	437
2639	27
2640	13
2641	294
2642	437
2643	55
2644	435
2645	100
2646	237
2647	53
2648	100
2649	476
2650	13
2651	359
2652	437
2653	13
2654	53
2655	237
2656	250
2657	237
2658	237
2659	100
2660	437
2661	237
2662	237
2663	237
2664	435
2665	13
2666	100
2667	13
2668	13
2669	240
2670	53
2671	100
2672	100
2673	436
2674	162
2675	69
2676	13
2677	53
2678	13
2679	294
2680	13
2681	13
2682	13
2683	470
2684	53
2685	100
2686	100
2687	237
2688	363
2689	13
2690	237
2691	100
2692	363
2693	237
2694	100
2695	100
2696	13
2697	53
2698	237
2699	237
2700	95
2701	140
2702	237
2703	301
2704	363
2705	100
2706	237
2707	53
2708	53
2709	237
2710	237
2711	291
2712	165
2713	335
2714	100
2715	379
2716	436
2717	237
2718	100
2719	347
2720	180
2721	288
2722	100
2723	128
2724	100
2725	237
2726	294
2727	437
2728	180
2729	221
2730	53
2731	100
2732	237
2733	100
2734	237
2735	347
2736	100
2737	437
2738	237
2739	55
2740	100
2741	13
2742	106
2743	58
2744	237
2745	359
2746	253
2747	58
2748	237
2749	100
2750	53
2751	470
2752	237
2753	13
2754	100
2755	68
2756	100
2757	100
2758	237
2759	140
2760	437
2761	476
2762	100
2763	53
2764	237
2765	95
2766	55
2767	237
2768	100
2769	505
2770	13
2771	13
2772	13
2773	100
2774	13
2775	100
2776	470
2777	237
2778	437
2779	100
2780	100
2781	180
2782	237
2783	13
2784	476
2785	311
2786	237
2787	237
2788	237
2789	13
2790	437
2791	437
2792	13
2793	233
2794	53
2795	335
2796	13
2797	237
2798	13
2799	169
2800	100
2801	237
2802	384
2803	538
2804	68
2805	100
2806	13
2807	100
2808	237
2809	209
2810	53
2811	13
2812	237
2813	53
2814	100
2815	294
2816	470
2817	53
2818	140
2819	237
2820	100
2821	294
2822	100
2823	53
2824	100
2825	13
2826	100
2827	237
2828	100
2829	100
2830	363
2831	437
2832	13
2833	58
2834	31
2835	237
2836	237
2837	100
2838	13
2839	363
2840	100
2841	476
2842	100
2843	476
2844	237
2845	13
2846	100
2847	13
2848	31
2849	69
2850	231
2851	100
2852	294
2853	53
2854	100
2855	100
2856	437
2857	237
2858	100
2859	100
2860	58
2861	95
2862	100
2863	237
2864	237
2865	476
2866	363
2867	317
2868	100
2869	231
2870	411
2871	13
2872	237
2873	67
2874	100
2875	237
2876	68
2877	237
2878	115
2879	363
2880	275
2881	237
2882	359
2883	237
2884	237
2885	13
2886	100
2887	100
2888	13
2889	53
2890	100
2891	180
2892	359
2893	146
2894	58
2895	13
2896	117
2897	100
2898	13
2899	237
2900	13
2901	13
2902	237
2903	100
2904	13
2905	237
2906	363
2907	294
2908	13
2909	100
2910	100
2911	233
2912	231
2913	359
2914	100
2915	237
2916	100
2917	13
2918	100
2919	100
2920	13
2921	100
2922	459
2923	476
2924	237
2925	100
2926	437
2927	100
2928	100
2929	437
2930	100
2931	237
2932	237
2933	13
2934	13
2935	167
2936	237
2937	13
2938	100
2939	55
2940	237
2941	13
2942	140
2943	249
2944	100
2945	203
2946	237
2947	266
2948	311
2949	100
2950	347
2951	318
2952	13
2953	294
2954	237
2955	68
2956	347
2957	237
2958	237
2959	237
2960	435
2961	237
2962	100
2963	237
2964	68
2965	237
2966	237
2967	237
2968	13
2969	13
2970	233
2971	13
2972	237
2973	363
2974	237
2975	237
2976	13
2977	250
2978	100
2979	237
2980	100
2981	100
2982	237
2983	180
2984	100
2985	100
2986	100
2987	160
2988	294
2989	55
2990	13
2991	203
2992	100
2993	100
2994	55
2995	100
2996	100
2997	237
2998	100
2999	476
3000	100
3001	95
3002	100
3003	95
3004	95
3005	13
3006	233
3007	363
3008	53
3009	13
3010	13
3011	437
3012	13
3013	100
3014	237
3015	100
3016	237
3017	13
3018	13
3019	294
3020	294
3021	55
3022	106
3023	13
3024	13
3025	13
3026	100
3027	476
3028	100
3029	100
3030	237
3031	38
3032	55
3033	13
3034	294
3035	470
3036	100
3037	13
3038	13
3039	258
3040	40
3041	13
3042	100
3043	13
3044	237
3045	100
3046	100
3047	68
3048	95
3049	117
3050	476
3051	69
3052	237
3053	100
3054	100
3055	237
3056	255
3057	237
3058	237
3059	476
3060	237
3061	237
3062	237
3063	237
3064	68
3065	100
3066	13
3067	237
3068	53
3069	13
3070	13
3071	31
3072	385
3073	13
3074	237
3075	437
3076	13
3077	13
3078	53
3079	100
3080	100
3081	476
3082	275
3083	100
3084	231
3085	140
3086	200
3087	237
3088	100
3089	237
3090	180
3091	476
3092	334
3093	100
3094	100
3095	294
3096	100
3097	316
3098	100
3099	62
3100	58
3101	117
3102	237
3103	476
3104	13
3105	437
3106	237
3107	13
3108	68
3109	53
3110	237
3111	75
3112	100
3113	68
3114	100
3115	288
3116	95
3117	476
3118	68
3119	53
3120	55
3121	237
3122	398
3123	476
3124	67
3125	416
3126	100
3127	237
3128	453
3129	237
3130	12
3131	297
3132	335
3133	476
3134	358
3135	294
3136	55
3137	237
3138	100
3139	13
3140	437
3141	165
3142	476
3143	100
3144	117
3145	237
3146	100
3147	100
3148	237
3149	237
3150	53
3151	437
3152	476
3153	453
3154	237
3155	13
3156	53
3157	41
3158	320
3159	38
3160	100
3161	221
3162	13
3163	13
3164	106
3165	294
3166	476
3167	13
3168	68
3169	100
3170	95
3171	100
3172	12
3173	237
3174	100
3175	227
3176	359
3177	55
3178	231
3179	437
3180	13
3181	453
3182	180
3183	95
3184	237
3185	13
3186	288
3187	470
3188	416
3189	100
3190	237
3191	55
3192	237
3193	237
3194	13
3195	237
3196	95
3197	100
3198	100
3199	13
3200	106
3201	100
3202	13
3203	106
3204	343
3205	437
3206	294
3207	13
3208	100
3209	463
3210	13
3211	68
3212	13
3213	100
3214	100
3215	237
3216	437
3217	100
3218	12
3219	100
3220	100
3221	13
3222	13
3223	100
3224	100
3225	13
3226	237
3227	258
3228	68
3229	100
3230	284
3231	476
3232	53
3233	237
3234	237
3235	237
3236	237
3237	13
3238	100
3239	237
3240	55
3241	237
3242	100
3243	100
3244	46
3245	237
3246	68
3247	359
3248	237
3249	237
3250	100
3251	13
3252	100
3253	13
3254	347
3255	237
3256	379
3257	237
3258	347
3259	117
3260	53
3261	237
3262	347
3263	294
3264	106
3265	100
3266	100
3267	100
3268	140
3269	437
3270	237
3271	335
3272	100
3273	100
3274	100
3275	411
3276	237
3277	13
3278	12
3279	13
3280	416
3281	335
3282	335
3283	437
3284	294
3285	408
3286	100
3287	100
3288	333
3289	450
3290	237
3291	237
3292	363
3293	288
3294	363
3295	100
3296	58
3297	100
3298	476
3299	237
3300	476
3301	100
3302	180
3303	53
3304	53
3305	53
3306	13
3307	13
3308	237
3309	359
3310	231
3311	237
3312	294
3313	13
3314	237
3315	100
3316	13
3317	31
3318	13
3319	55
3320	476
3321	237
3322	100
3323	58
3324	95
3325	53
3326	237
3327	68
3328	437
3329	53
3330	237
3331	231
3332	318
3333	237
3334	237
3335	237
3336	231
3337	58
3338	100
3339	384
3340	288
3341	13
3342	476
3343	476
3344	359
3345	53
3346	40
3347	55
3348	13
3349	389
3350	411
3351	470
3352	203
3353	100
3354	100
3355	100
3356	95
3357	100
3358	379
3359	68
3360	476
3361	237
3362	347
3363	13
3364	231
3365	13
3366	12
3367	13
3368	237
3369	58
3370	237
3371	325
3372	140
3373	237
3374	13
3375	68
3376	470
3377	237
3378	237
3379	258
3380	237
3381	249
3382	53
3383	294
3384	233
3385	53
3386	237
3387	53
3388	100
3389	470
3390	13
3391	237
3392	100
3393	231
3394	13
3395	100
3396	203
3397	100
3398	13
3399	13
3400	100
3401	128
3402	237
3403	100
3404	13
3405	13
3406	100
3407	100
3408	100
3409	13
3410	312
3411	237
3412	100
3413	312
3414	13
3415	13
3416	437
3417	126
3418	109
3419	13
3420	58
3421	318
3422	237
3423	363
3424	288
3425	100
3426	437
3427	237
3428	237
3429	347
3430	13
3431	53
3432	100
3433	237
3434	100
3435	237
3436	13
3437	100
3438	437
3439	237
3440	294
3441	470
3442	529
3443	237
3444	237
3445	284
3446	294
3447	100
3448	13
3449	13
3450	237
3451	433
3452	13
3453	233
3454	320
3455	69
3456	58
3457	237
3458	68
3459	363
3460	288
3461	237
3462	100
3463	181
3464	237
3465	237
3466	100
3467	100
3468	100
3469	100
3470	100
3471	476
3472	100
3473	237
3474	53
3475	437
3476	237
3477	100
3478	38
3479	476
3480	13
3481	239
3482	237
3483	100
3484	100
3485	100
3486	237
3487	237
3488	95
3489	100
3490	13
3491	13
3492	100
3493	237
3494	100
3495	237
3496	58
3497	58
3498	100
3499	13
3500	100
3501	23
3502	237
3503	13
3504	237
3505	13
3506	411
3507	363
3508	53
3509	100
3510	13
3511	237
3512	476
3513	336
3514	13
3515	250
3516	55
3517	100
3518	13
3519	237
3520	13
3521	294
3522	237
3523	55
3524	13
3525	53
3526	237
3527	13
3528	13
3529	359
3530	100
3531	237
3532	4
3533	100
3534	233
3535	12
3536	100
3537	100
3538	237
3539	237
3540	95
3541	13
3542	58
3543	53
3544	38
3545	335
3546	13
3547	95
3548	13
3549	100
3550	180
3551	100
3552	221
3553	476
3554	363
3555	237
3556	40
3557	100
3558	68
3559	437
3560	13
3561	100
3562	100
3563	126
3564	436
3565	237
3566	345
3567	237
3568	13
3569	436
3570	363
3571	13
3572	237
3573	53
3574	411
3575	233
3576	100
3577	177
3578	237
3579	237
3580	203
3581	58
3582	100
3583	318
3584	237
3585	227
3586	55
3587	100
3588	53
3589	237
3590	13
3591	95
3592	53
3593	100
3594	13
3595	13
3596	95
3597	237
3598	237
3599	233
3600	100
3601	437
3602	53
3603	109
3604	100
3605	416
3606	13
3607	227
3608	140
3609	237
3610	288
3611	237
3612	231
3613	68
3614	237
3615	100
3616	222
3617	13
3618	411
3619	13
3620	100
3621	237
3622	237
3623	237
3624	237
3625	100
3626	13
3627	100
3628	363
3629	470
3630	318
3631	237
3632	476
3633	13
3634	437
3635	68
3636	13
3637	363
3638	363
3639	237
3640	294
3641	288
3642	121
3643	237
3644	411
3645	237
3646	13
3647	53
3648	100
3649	53
3650	237
3651	237
3652	40
3653	237
3654	13
3655	203
3656	237
3657	237
3658	437
3659	237
3660	237
3661	294
3662	363
3663	237
3664	100
3665	55
3666	335
3667	68
3668	363
3669	68
3670	100
3671	13
3672	237
3673	237
3674	162
3675	476
3676	237
3677	511
3678	55
3679	233
3680	13
3681	38
3682	237
3683	476
3684	100
3685	237
3686	237
3687	13
3688	237
3689	237
3690	100
3691	100
3692	13
3693	100
3694	470
3695	294
3696	294
3697	12
3698	237
3699	68
3700	237
3701	237
3702	27
3703	100
3704	100
3705	100
3706	13
3707	58
3708	294
3709	237
3710	237
3711	237
3712	180
3713	100
3714	416
3715	100
3716	53
3717	53
3718	106
3719	237
3720	58
3721	140
3722	100
3723	100
3724	100
3725	378
3726	100
3727	13
3728	95
3729	100
3730	13
3731	72
3732	100
3733	95
3734	100
3735	53
3736	13
3737	121
3738	480
3739	13
3740	146
3741	13
3742	13
3743	458
3744	68
3745	53
3746	100
3747	53
3748	95
3749	100
3750	180
3751	359
3752	237
3753	53
3754	100
3755	53
3756	294
3757	260
3758	13
3759	294
3760	55
3761	237
3762	411
3763	68
3764	13
3765	55
3766	13
3767	100
3768	100
3769	237
3770	469
3771	237
3772	55
3773	237
3774	237
3775	13
3776	100
3777	13
3778	13
3779	13
3780	203
3781	411
3782	12
3783	203
3784	294
3785	106
3786	294
3787	188
3788	68
3789	237
3790	437
3791	237
3792	55
3793	13
3794	437
3795	100
3796	237
3797	53
3798	53
3799	237
3800	347
3801	294
3802	100
3803	237
3804	347
3805	435
3806	237
3807	100
3808	13
3809	100
3810	294
3811	55
3812	237
3813	13
3814	237
3815	100
3816	100
3817	437
3818	68
3819	100
3820	53
3821	237
3822	13
3823	237
3824	53
3825	140
3826	237
3827	237
3828	237
3829	237
3830	476
3831	237
3832	13
3833	213
3834	100
3835	106
3836	31
3837	94
3838	470
3839	237
3840	381
3841	203
3842	106
3843	237
3844	13
3845	237
3846	13
3847	13
3848	476
3849	100
3850	100
3851	13
3852	100
3853	55
3854	470
3855	237
3856	13
3857	419
3858	13
3859	237
3860	318
3861	237
3862	411
3863	476
3864	100
3865	294
3866	318
3867	237
3868	275
3869	203
3870	237
3871	237
3872	411
3873	13
3874	237
3875	100
3876	345
3877	100
3878	100
3879	100
3880	100
3881	100
3882	100
3883	100
3884	100
3885	237
3886	294
3887	250
3888	55
3889	100
3890	237
3891	55
3892	237
3893	237
3894	179
3895	237
3896	100
3897	13
3898	100
3899	237
3900	237
3901	294
3902	41
3903	505
3904	100
3905	58
3906	68
