1	294
2	109
3	95
4	476
5	13
6	100
7	37
8	100
9	258
10	237
11	231
12	411
13	68
14	100
15	476
16	106
17	100
18	13
19	53
20	100
21	100
22	294
23	100
24	100
25	100
26	100
27	267
28	100
29	437
30	109
31	237
32	13
33	237
34	476
35	13
36	100
37	100
38	12
39	100
40	13
41	411
42	237
43	237
44	13
45	237
46	53
47	391
48	13
49	476
50	237
51	237
52	100
53	53
54	100
55	13
56	237
57	237
58	237
59	58
60	109
61	437
62	37
63	237
64	68
65	237
66	13
67	100
68	100
69	250
70	237
71	411
72	237
73	294
74	68
75	40
76	437
77	100
78	100
79	100
80	437
81	237
82	510
83	437
84	476
85	237
86	13
87	476
88	100
89	359
90	347
91	237
92	95
93	237
94	13
95	363
96	100
97	237
98	455
99	13
100	437
101	100
102	237
103	13
104	237
105	68
106	237
107	13
108	294
109	203
110	13
111	100
112	13
113	140
114	100
115	476
116	359
117	480
118	13
119	237
120	100
121	237
122	13
123	68
124	437
125	237
126	237
127	237
128	237
129	13
130	411
131	100
132	53
133	237
134	100
135	237
136	344
137	363
138	411
139	100
140	100
141	100
142	233
143	494
144	237
145	95
146	237
147	13
148	100
149	100
150	13
151	177
152	470
153	294
154	237
155	294
156	470
157	237
158	13
159	237
160	53
161	100
162	437
163	347
164	100
165	237
166	53
167	363
168	347
169	258
170	237
171	246
172	13
173	203
174	53
175	100
176	13
177	237
178	476
179	53
180	58
181	437
182	275
183	13
184	13
185	13
186	100
187	294
188	437
189	100
190	68
191	58
192	237
193	100
194	95
195	13
196	345
197	294
198	100
199	203
200	100
201	237
202	100
203	318
204	40
205	100
206	13
207	100
208	301
209	180
210	411
211	68
212	237
213	318
214	13
215	237
216	181
217	203
218	100
219	68
220	437
221	53
222	294
223	233
224	363
225	359
226	100
227	237
228	471
229	237
230	100
231	416
232	203
233	237
234	203
235	237
236	100
237	100
238	237
239	231
240	53
241	13
242	95
243	100
244	100
245	58
246	237
247	100
248	100
249	13
250	27
251	237
252	100
253	294
254	100
255	421
256	467
257	476
258	237
259	363
260	100
261	95
262	237
263	53
264	237
265	237
266	13
267	237
268	294
269	237
270	162
271	237
272	100
273	58
274	13
275	13
276	100
277	13
278	237
279	347
280	255
281	100
282	100
283	55
284	437
285	95
286	363
287	100
288	53
289	68
290	13
291	233
292	13
293	347
294	100
295	100
296	13
297	100
298	237
299	294
300	437
301	53
302	69
303	237
304	180
305	237
306	188
307	55
308	106
309	13
310	237
311	237
312	100
313	100
314	13
315	505
316	100
317	233
318	476
319	53
320	294
321	100
322	538
323	13
324	13
325	100
326	294
327	237
328	180
329	68
330	476
331	363
332	411
333	53
334	53
335	411
336	237
337	13
338	411
339	100
340	435
341	13
342	480
343	161
344	237
345	55
346	363
347	237
348	100
349	13
350	237
351	237
352	53
353	100
354	476
355	237
356	53
357	258
358	294
359	476
360	237
361	237
362	13
363	67
364	347
365	100
366	13
367	13
368	13
369	13
370	13
371	100
372	100
373	13
374	237
375	318
376	237
377	13
378	237
379	294
380	363
381	53
382	237
383	237
384	13
385	100
386	237
387	53
388	421
389	100
390	100
391	237
392	100
393	237
394	58
395	100
396	100
397	100
398	100
399	55
400	100
401	237
402	453
403	237
404	13
405	330
406	100
407	100
408	13
409	13
410	100
411	237
412	100
413	100
414	237
415	53
416	237
417	476
418	237
419	53
420	347
421	100
422	40
423	363
424	437
425	437
426	363
427	100
428	411
429	100
430	13
431	180
432	100
433	100
434	58
435	359
436	13
437	363
438	13
439	237
440	100
441	38
442	100
443	411
444	13
445	100
446	363
447	433
448	100
449	363
450	100
451	318
452	13
453	13
454	53
455	13
456	68
457	231
458	100
459	100
460	294
461	100
462	411
463	288
464	13
465	237
466	100
467	100
468	233
469	494
470	294
471	363
472	237
473	461
474	231
475	100
476	58
477	347
478	95
479	12
480	100
481	53
482	237
483	13
484	126
485	13
486	380
487	470
488	335
489	237
490	237
491	476
492	13
493	250
494	100
495	58
496	437
497	294
498	53
499	55
500	13
501	140
502	294
503	231
504	53
505	288
506	411
507	237
508	294
509	294
510	100
511	180
512	68
513	100
514	13
515	100
516	100
517	100
518	100
519	237
520	237
521	100
522	453
523	68
524	100
525	12
526	100
527	294
528	347
529	435
530	411
531	106
532	476
533	237
534	68
535	258
536	13
537	13
538	100
539	237
540	13
541	476
542	258
543	167
544	100
545	100
546	294
547	95
548	294
549	288
550	203
551	237
552	237
553	100
554	311
555	203
556	203
557	13
558	237
559	237
560	100
561	13
562	470
563	237
564	237
565	13
566	237
567	13
568	476
569	100
570	100
571	237
572	237
573	100
574	100
575	55
576	13
577	68
578	13
579	68
580	347
581	31
582	235
583	435
584	347
585	100
586	100
587	258
588	13
589	100
590	100
591	53
592	117
593	109
594	237
595	100
596	100
597	13
598	476
599	435
600	53
601	237
602	294
603	100
604	95
605	237
606	12
607	100
608	363
609	53
610	68
611	294
612	237
613	95
614	68
615	437
616	13
617	335
618	100
619	347
620	100
621	347
622	100
623	13
624	95
625	237
626	363
627	472
628	237
629	363
630	100
631	100
632	13
633	237
634	237
635	237
636	100
637	237
638	53
639	363
640	13
641	53
642	100
643	231
644	13
645	237
646	237
647	203
648	100
649	100
650	13
651	294
652	233
653	100
654	347
655	237
656	68
657	411
658	95
659	237
660	100
661	13
662	100
663	140
664	69
665	363
666	109
667	100
668	100
669	100
670	335
671	476
672	237
673	237
674	180
675	68
676	411
677	13
678	100
679	294
680	237
681	100
682	411
683	53
684	13
685	437
686	55
687	13
688	411
689	13
690	100
691	140
692	53
693	95
694	100
695	237
696	53
697	237
698	53
699	100
700	180
701	237
702	100
703	100
704	237
705	318
706	476
707	68
708	13
709	100
710	13
711	237
712	411
713	100
714	297
715	237
716	117
717	126
718	359
719	237
720	13
721	13
722	250
723	53
724	363
725	237
726	237
727	95
728	237
729	13
730	203
731	100
732	68
733	100
734	13
735	237
736	100
737	294
738	100
739	13
740	68
741	100
742	363
743	100
744	416
745	318
746	237
747	237
748	100
749	192
750	13
751	100
752	100
753	55
754	318
755	13
756	13
757	13
758	411
759	294
760	100
761	237
762	100
763	13
764	237
765	294
766	237
767	100
768	53
769	68
770	237
771	53
772	363
773	100
774	476
775	95
776	237
777	109
778	294
779	100
780	411
781	318
782	233
783	363
784	237
785	109
786	345
787	470
788	100
789	13
790	294
791	53
792	237
793	13
794	13
795	233
796	476
797	138
798	476
799	363
800	180
801	53
802	58
803	100
804	13
805	100
806	13
807	363
808	40
809	100
810	13
811	400
812	237
813	100
814	100
815	237
816	55
817	237
818	437
819	68
820	237
821	237
822	347
823	237
824	13
825	13
826	100
827	58
828	100
829	100
830	347
831	100
832	249
833	237
834	100
835	100
836	313
837	476
838	100
839	233
840	294
841	100
842	437
843	237
844	100
845	237
846	13
847	100
848	237
849	53
850	100
851	347
852	363
853	437
854	100
855	411
856	294
857	100
858	68
859	476
860	13
861	237
862	437
863	13
864	237
865	100
866	13
867	13
868	294
869	237
870	237
871	13
872	13
873	237
874	237
875	237
876	68
877	117
878	100
879	237
880	237
881	237
882	13
883	100
884	95
885	237
886	13
887	100
888	203
889	13
890	100
891	100
892	100
893	13
894	100
895	294
896	138
897	53
898	363
899	100
900	100
901	140
902	237
903	180
904	100
905	100
906	53
907	233
908	411
909	237
910	237
911	100
912	237
913	258
914	31
915	55
916	58
917	437
918	237
919	100
920	246
921	237
922	237
923	231
924	100
925	13
926	100
927	13
928	237
929	476
930	100
931	237
932	411
933	109
934	100
935	100
936	237
937	363
938	100
939	13
940	100
941	180
942	100
943	237
944	237
945	363
946	237
947	100
948	249
949	58
950	476
951	476
952	233
953	363
954	140
955	294
956	318
957	53
958	342
959	237
960	100
961	411
962	237
963	13
964	237
965	203
966	100
967	476
968	100
969	53
970	237
971	13
972	294
973	233
974	100
975	100
976	100
977	411
978	476
979	68
980	40
981	13
982	288
983	237
984	53
985	231
986	13
987	13
988	100
989	237
990	476
991	13
992	237
993	13
994	100
995	100
996	237
997	68
998	53
999	100
1000	167
1001	100
1002	359
1003	347
1004	363
1005	100
1006	106
1007	476
1008	203
1009	13
1010	100
1011	100
1012	13
1013	13
1014	55
1015	13
1016	237
1017	13
1018	237
1019	13
1020	13
1021	237
1022	180
1023	237
1024	437
1025	117
1026	237
1027	288
1028	203
1029	100
1030	347
1031	237
1032	13
1033	100
1034	359
1035	237
1036	100
1037	13
1038	58
1039	363
1040	237
1041	294
1042	294
1043	68
1044	100
1045	128
1046	100
1047	470
1048	55
1049	13
1050	359
1051	100
1052	359
1053	237
1054	68
1055	237
1056	117
1057	237
1058	100
1059	318
1060	231
1061	294
1062	13
1063	67
1064	237
1065	58
1066	13
1067	237
1068	100
1069	411
1070	13
1071	100
1072	100
1073	294
1074	334
1075	13
1076	67
1077	237
1078	100
1079	100
1080	237
1081	237
1082	359
1083	100
1084	237
1085	13
1086	46
1087	180
1088	100
1089	237
1090	237
1091	437
1092	13
1093	476
1094	13
1095	237
1096	237
1097	100
1098	13
1099	100
1100	100
1101	100
1102	100
1103	237
1104	100
1105	100
1106	411
1107	100
1108	100
1109	237
1110	237
1111	411
1112	13
1113	476
1114	13
1115	53
1116	343
1117	100
1118	53
