820	1	2
269	2	2
593	2	2
92	3	2
693	3	2
1050	4	2
636	5	2
277	6	2
410	6	2
645	6	2
646	6	2
1058	6	2
875	7	2
229	8	2
248	8	2
419	9	2
535	9	2
989	9	2
265	10	2
216	11	2
338	12	2
219	13	2
209	14	2
325	14	2
412	14	2
459	14	2
709	14	2
841	14	2
966	14	2
671	15	2
203	16	2
705	16	2
1090	16	2
1099	17	2
658	18	2
387	19	2
82	20	2
256	20	2
400	21	2
65	22	2
72	22	2
81	22	2
108	22	2
253	22	2
269	22	2
299	22	2
342	22	2
358	22	2
407	22	2
631	22	2
635	22	2
690	22	2
719	22	2
749	22	2
788	22	2
815	22	2
876	22	2
939	22	2
964	22	2
999	22	2
1011	22	2
1041	22	2
1052	22	2
1060	22	2
1080	22	2
313	23	2
400	23	2
229	24	2
372	24	2
450	24	2
669	24	2
733	24	2
847	24	2
877	24	2
935	24	2
26	25	2
905	25	2
25	26	2
218	26	2
480	26	2
679	26	2
905	26	2
942	26	2
960	26	2
1033	26	2
1088	26	2
279	27	2
525	28	2
962	29	2
1024	29	2
60	30	2
350	30	2
418	30	2
572	30	2
577	30	2
711	30	2
777	30	2
785	30	2
861	30	2
1078	31	2
409	32	2
1085	32	2
203	33	2
573	33	2
463	34	2
324	35	2
444	35	2
452	35	2
684	35	2
69	36	2
636	37	2
1099	37	2
275	38	2
518	39	2
216	40	2
766	40	2
866	40	2
1012	40	2
210	41	2
338	41	2
559	41	2
780	41	2
1106	41	2
91	42	2
521	42	2
652	42	2
795	42	2
823	42	2
888	42	2
586	43	2
939	44	2
338	45	2
388	45	2
428	45	2
676	45	2
855	45	2
333	46	2
784	47	2
275	48	2
837	49	2
340	50	2
564	50	2
583	50	2
68	51	2
480	51	2
667	51	2
878	52	2
85	53	2
91	54	2
734	55	2
82	56	2
98	56	2
109	56	2
614	56	2
644	56	2
1031	56	2
279	57	2
137	58	2
167	58	2
259	58	2
703	58	2
724	58	2
784	58	2
953	58	2
1053	58	2
1096	58	2
949	59	2
30	60	2
350	60	2
577	60	2
636	60	2
666	60	2
711	60	2
928	60	2
83	61	2
413	61	2
615	61	2
695	61	2
853	61	2
962	61	2
1024	61	2
874	62	2
174	63	2
771	63	2
123	64	2
22	65	2
141	65	2
353	65	2
549	65	2
568	65	2
595	65	2
622	65	2
828	65	2
915	65	2
983	65	2
225	66	2
1097	67	2
51	68	2
36	69	2
279	69	2
387	70	2
338	71	2
388	71	2
22	72	2
326	73	2
955	73	2
1073	73	2
418	74	2
709	75	2
160	76	2
425	76	2
78	77	2
442	77	2
585	77	2
77	78	2
413	79	2
516	79	2
733	80	2
755	80	2
22	81	2
20	82	2
56	82	2
829	82	2
61	83	2
424	83	2
962	83	2
1091	83	2
1007	84	2
53	85	2
160	85	2
166	85	2
355	85	2
386	85	2
591	85	2
600	85	2
771	85	2
897	85	2
909	85	2
596	86	2
685	87	2
1025	88	2
718	89	2
1052	89	2
293	90	2
851	90	2
42	91	2
54	91	2
225	91	2
823	91	2
3	92	2
242	92	2
285	92	2
465	92	2
478	92	2
693	92	2
696	92	2
992	92	2
895	93	2
1061	93	2
596	94	2
665	95	2
964	95	2
431	96	2
583	96	2
430	97	2
56	98	2
109	98	2
294	98	2
464	98	2
614	98	2
840	98	2
1031	98	2
1063	98	2
487	99	2
848	100	2
844	101	2
402	102	2
522	102	2
490	103	2
623	103	2
377	104	2
123	105	2
328	106	2
396	106	2
566	106	2
1018	106	2
583	107	2
22	108	2
155	108	2
56	109	2
98	109	2
297	109	2
725	109	2
1044	109	2
583	110	2
586	110	2
723	110	2
190	111	2
614	111	2
761	111	2
813	111	2
136	112	2
633	113	2
521	114	2
892	114	2
130	115	2
354	115	2
796	115	2
993	116	2
203	117	2
353	118	2
409	118	2
804	118	2
838	118	2
954	118	2
1032	118	2
1075	118	2
1085	118	2
804	119	2
954	119	2
1037	119	2
1092	119	2
292	120	2
166	121	2
270	122	2
658	122	2
835	122	2
64	123	2
105	123	2
153	123	2
512	123	2
523	123	2
858	123	2
997	123	2
181	124	2
658	125	2
958	125	2
813	126	2
408	127	2
390	128	2
418	128	2
703	128	2
324	129	2
588	129	2
1108	129	2
115	130	2
491	130	2
990	130	2
205	131	2
238	131	2
467	131	2
660	131	2
959	131	2
1088	131	2
1097	131	2
263	132	2
150	133	2
337	133	2
404	133	2
436	133	2
689	133	2
663	134	2
332	135	2
559	135	2
112	136	2
1050	136	2
58	137	2
338	138	2
908	138	2
703	139	2
413	140	2
690	140	2
65	141	2
215	141	2
254	141	2
348	141	2
515	141	2
863	141	2
883	141	2
951	141	2
966	141	2
223	142	2
234	142	2
552	142	2
888	142	2
973	142	2
771	143	2
877	144	2
658	145	2
168	146	2
762	146	2
867	146	2
417	147	2
230	148	2
237	148	2
988	148	2
1035	148	2
538	149	2
636	149	2
133	150	2
633	151	2
562	152	2
123	153	2
203	153	2
534	153	2
656	153	2
173	154	2
400	154	2
108	155	2
470	155	2
487	156	2
832	156	2
583	157	2
593	157	2
742	157	2
1059	157	2
536	158	2
756	159	2
954	159	2
76	160	2
85	160	2
251	160	2
288	160	2
403	160	2
641	160	2
791	160	2
573	161	2
857	161	2
284	162	2
473	162	2
481	162	2
962	162	2
279	163	2
418	164	2
1113	164	2
596	165	2
85	166	2
121	166	2
258	166	2
302	166	2
334	166	2
698	166	2
946	166	2
984	166	2
1048	166	2
58	167	2
146	168	2
275	168	2
279	168	2
367	168	2
488	168	2
668	168	2
680	168	2
921	168	2
935	168	2
966	168	2
357	169	2
535	169	2
495	170	2
446	171	2
936	172	2
1037	172	2
154	173	2
63	174	2
240	174	2
413	174	2
645	174	2
762	174	2
896	174	2
636	175	2
524	176	2
810	176	2
259	177	2
318	178	2
722	179	2
949	180	2
124	181	2
220	181	2
383	181	2
728	181	2
911	181	2
917	181	2
962	181	2
1006	181	2
1036	181	2
1091	181	2
324	182	2
277	183	2
576	184	2
430	185	2
702	186	2
509	187	2
658	188	2
412	189	2
111	190	2
579	190	2
192	191	2
245	191	2
427	191	2
476	191	2
735	191	2
1065	191	2
191	192	2
583	192	2
254	193	2
658	194	2
430	195	2
747	196	2
791	196	2
320	197	2
474	197	2
502	197	2
509	197	2
611	197	2
636	197	2
790	197	2
880	197	2
1041	197	2
1042	197	2
1060	197	2
1088	198	2
201	199	2
246	199	2
412	200	2
199	201	2
555	201	2
229	202	2
16	203	2
33	203	2
117	203	2
153	203	2
229	203	2
256	203	2
267	203	2
457	203	2
705	203	2
754	203	2
812	203	2
925	203	2
956	203	2
1022	203	2
1050	203	2
1057	203	2
1109	203	2
412	204	2
131	205	2
260	205	2
833	205	2
1109	205	2
292	206	2
672	206	2
325	207	2
797	208	2
14	209	2
412	209	2
966	209	2
41	210	2
378	210	2
443	210	2
462	210	2
559	210	2
688	210	2
706	210	2
715	210	2
780	210	2
961	210	2
1069	210	2
250	211	2
329	211	2
336	211	2
710	211	2
819	211	2
1053	211	2
837	212	2
375	213	2
324	214	2
141	215	2
257	215	2
11	216	2
40	216	2
406	216	2
592	216	2
716	216	2
762	217	2
944	217	2
26	218	2
905	218	2
942	218	2
13	219	2
324	219	2
520	219	2
583	219	2
656	219	2
690	219	2
907	219	2
1032	219	2
181	220	2
848	220	2
481	221	2
765	222	2
142	223	2
552	223	2
952	223	2
446	224	2
799	224	2
898	224	2
66	225	2
91	225	2
324	225	2
699	225	2
726	225	2
823	225	2
1050	225	2
1052	225	2
1079	226	2
614	227	2
813	227	2
1068	227	2
583	228	2
8	229	2
24	229	2
202	229	2
203	229	2
295	229	2
544	229	2
604	229	2
634	229	2
826	229	2
856	229	2
934	229	2
1105	229	2
148	230	2
254	230	2
427	230	2
1076	230	2
1088	230	2
703	231	2
924	231	2
550	232	2
555	232	2
583	233	2
142	234	2
317	234	2
346	235	2
1001	236	2
148	237	2
413	237	2
430	237	2
522	237	2
644	237	2
1023	237	2
131	238	2
255	239	2
614	239	2
174	240	2
369	241	2
389	241	2
430	241	2
485	241	2
794	241	2
1012	241	2
92	242	2
343	243	2
463	243	2
598	243	2
255	244	2
298	244	2
614	244	2
968	244	2
1063	244	2
1099	244	2
191	245	2
199	246	2
947	247	2
8	248	2
1005	248	2
958	249	2
211	250	2
456	250	2
710	250	2
160	251	2
486	251	2
504	251	2
560	251	2
641	251	2
768	251	2
897	251	2
902	251	2
583	252	2
22	253	2
141	254	2
193	254	2
230	254	2
348	254	2
413	254	2
549	254	2
614	254	2
617	254	2
648	254	2
743	254	2
761	254	2
813	254	2
814	254	2
926	254	2
940	254	2
968	254	2
1052	254	2
239	255	2
244	255	2
266	255	2
329	255	2
614	255	2
20	256	2
203	256	2
372	256	2
215	257	2
685	257	2
166	258	2
58	259	2
177	259	2
331	259	2
639	259	2
772	259	2
841	259	2
852	259	2
205	260	2
877	260	2
958	261	2
314	262	2
837	262	2
892	262	2
910	262	2
132	263	2
498	263	2
554	263	2
550	264	2
839	264	2
10	265	2
593	265	2
255	266	2
614	266	2
623	266	2
203	267	2
418	267	2
511	267	2
611	268	2
2	269	2
22	269	2
350	269	2
385	269	2
690	269	2
711	269	2
746	269	2
815	269	2
863	269	2
933	269	2
964	269	2
1040	269	2
122	270	2
1057	271	2
576	272	2
803	272	2
1078	272	2
802	273	2
324	274	2
483	274	2
675	274	2
886	274	2
954	274	2
38	275	2
48	275	2
168	275	2
326	275	2
349	275	2
455	275	2
739	275	2
1037	275	2
1049	275	2
448	276	2
752	276	2
1001	276	2
6	277	2
183	277	2
606	277	2
618	277	2
954	277	2
1016	277	2
429	278	2
27	279	2
57	279	2
69	279	2
163	279	2
168	279	2
293	279	2
364	279	2
477	279	2
528	279	2
580	279	2
584	279	2
619	279	2
621	279	2
822	279	2
921	279	2
943	279	2
1003	279	2
1030	279	2
561	280	2
828	280	2
630	281	2
764	282	2
575	283	2
989	283	2
162	284	2
92	285	2
331	286	2
435	286	2
405	287	2
413	287	2
430	287	2
532	287	2
705	287	2
731	287	2
762	287	2
835	287	2
841	287	2
1018	287	2
1099	287	2
1109	287	2
160	288	2
732	289	2
833	289	2
376	290	2
813	291	2
120	292	2
206	292	2
677	292	2
706	292	2
847	292	2
929	292	2
971	292	2
90	293	2
279	293	2
921	293	2
98	294	2
324	294	2
569	294	2
864	294	2
229	295	2
1085	296	2
109	297	2
1057	297	2
244	298	2
614	298	2
22	299	2
582	299	2
627	300	2
526	301	2
1053	301	2
166	302	2
645	303	2
903	304	2
965	305	2
958	306	2
989	307	2
1006	308	2
710	309	2
410	310	2
799	311	2
353	312	2
400	312	2
614	312	2
915	312	2
919	312	2
23	313	2
429	313	2
589	313	2
642	313	2
941	313	2
262	314	2
567	314	2
755	314	2
825	314	2
1035	314	2
635	315	2
437	316	2
644	316	2
234	317	2
782	317	2
178	318	2
463	318	2
481	319	2
197	320	2
509	320	2
702	321	2
586	322	2
1088	322	2
881	323	2
35	324	2
129	324	2
182	324	2
214	324	2
219	324	2
225	324	2
274	324	2
294	324	2
413	324	2
430	324	2
444	324	2
452	324	2
514	324	2
596	324	2
684	324	2
823	324	2
974	324	2
1032	324	2
1109	324	2
14	325	2
207	325	2
336	325	2
709	325	2
73	326	2
275	326	2
1073	326	2
596	327	2
106	328	2
211	329	2
255	329	2
614	329	2
819	329	2
1017	329	2
837	330	2
259	331	2
286	331	2
722	331	2
742	331	2
799	331	2
964	331	2
1035	331	2
135	332	2
46	333	2
481	333	2
771	333	2
791	333	2
897	333	2
166	334	2
908	335	2
211	336	2
325	336	2
721	336	2
938	336	2
1053	336	2
133	337	2
366	337	2
881	337	2
927	337	2
12	338	2
41	338	2
45	338	2
71	338	2
138	338	2
428	338	2
506	338	2
530	338	2
676	338	2
715	338	2
719	338	2
741	338	2
774	338	2
780	338	2
908	338	2
932	338	2
1001	339	2
50	340	2
824	341	2
22	342	2
1060	342	2
243	343	2
485	344	2
703	345	2
235	346	2
418	346	2
874	347	2
141	348	2
254	348	2
393	348	2
813	348	2
275	349	2
30	350	2
60	350	2
269	350	2
958	351	2
481	352	2
65	353	2
118	353	2
312	353	2
630	353	2
1013	353	2
115	354	2
85	355	2
699	356	2
957	356	2
169	357	2
535	357	2
587	357	2
22	358	2
527	358	2
563	358	2
796	359	2
763	360	2
823	360	2
583	361	2
1035	361	2
1107	361	2
632	362	2
1012	362	2
892	363	2
279	364	2
585	365	2
738	365	2
337	366	2
927	366	2
168	367	2
414	367	2
430	367	2
1052	368	2
241	369	2
485	369	2
987	369	2
877	370	2
878	370	2
1052	370	2
1082	370	2
1058	371	2
24	372	2
256	372	2
991	373	2
597	374	2
922	374	2
1032	374	2
213	375	2
812	375	2
290	376	2
823	376	2
104	377	2
416	377	2
430	377	2
996	377	2
210	378	2
1078	379	2
418	380	2
897	381	2
1010	382	2
181	383	2
1091	383	2
633	384	2
269	385	2
690	385	2
85	386	2
19	387	2
70	387	2
415	387	2
547	387	2
609	387	2
45	388	2
71	388	2
241	389	2
485	389	2
128	390	2
392	390	2
813	390	2
835	390	2
966	390	2
994	390	2
744	391	2
911	391	2
390	392	2
348	393	2
622	393	2
541	394	2
949	394	2
770	395	2
1097	395	2
106	396	2
406	397	2
835	397	2
841	397	2
1058	397	2
636	398	2
1000	399	2
21	400	2
23	400	2
154	400	2
312	400	2
413	400	2
516	400	2
553	400	2
663	400	2
690	400	2
733	400	2
809	400	2
947	400	2
982	400	2
703	401	2
102	402	2
160	403	2
133	404	2
596	404	2
614	404	2
644	404	2
734	404	2
750	404	2
846	404	2
287	405	2
532	405	2
762	405	2
216	406	2
397	406	2
412	406	2
658	406	2
716	406	2
751	406	2
1025	406	2
1053	406	2
22	407	2
127	408	2
515	408	2
800	408	2
903	408	2
32	409	2
118	409	2
430	409	2
1032	409	2
6	410	2
310	410	2
1085	411	2
14	412	2
189	412	2
200	412	2
204	412	2
209	412	2
406	412	2
413	412	2
429	412	2
433	412	2
459	412	2
636	412	2
703	412	2
709	412	2
748	412	2
772	412	2
841	412	2
844	412	2
924	412	2
967	412	2
61	413	2
79	413	2
140	413	2
174	413	2
237	413	2
254	413	2
287	413	2
324	413	2
400	413	2
412	413	2
417	413	2
429	413	2
430	413	2
442	413	2
501	413	2
516	413	2
529	413	2
576	413	2
636	413	2
712	413	2
779	413	2
1071	413	2
367	414	2
387	415	2
554	415	2
377	416	2
147	417	2
413	417	2
463	417	2
519	417	2
967	417	2
978	417	2
1093	417	2
30	418	2
74	418	2
128	418	2
164	418	2
267	418	2
346	418	2
380	418	2
432	418	2
714	418	2
9	419	2
989	419	2
1003	420	2
590	421	2
709	422	2
440	423	2
945	423	2
83	424	2
76	425	2
1055	426	2
191	427	2
230	427	2
887	427	2
45	428	2
338	428	2
1106	428	2
278	429	2
313	429	2
412	429	2
413	429	2
442	429	2
844	429	2
873	429	2
97	430	2
185	430	2
195	430	2
237	430	2
241	430	2
287	430	2
324	430	2
367	430	2
377	430	2
409	430	2
413	430	2
479	430	2
500	430	2
537	430	2
606	430	2
708	430	2
792	430	2
860	430	2
919	430	2
1019	430	2
1032	430	2
1062	430	2
1070	430	2
1085	430	2
1112	430	2
96	431	2
742	431	2
966	431	2
418	432	2
412	433	2
916	434	2
949	434	2
286	435	2
639	435	2
133	436	2
316	437	2
626	437	2
444	438	2
493	439	2
722	439	2
423	440	2
897	441	2
77	442	2
413	442	2
429	442	2
445	442	2
495	442	2
537	442	2
544	442	2
895	442	2
210	443	2
35	444	2
324	444	2
438	444	2
632	444	2
442	445	2
915	445	2
171	446	2
224	446	2
629	446	2
799	446	2
937	446	2
945	446	2
1004	446	2
1055	446	2
1064	446	2
1077	446	2
1116	447	2
276	448	2
665	449	2
24	450	2
1059	451	2
1116	451	2
35	452	2
324	452	2
490	452	2
490	453	2
632	453	2
481	454	2
275	455	2
936	455	2
250	456	2
203	457	2
515	458	2
14	459	2
412	459	2
507	459	2
683	459	2
690	459	2
835	459	2
863	459	2
899	459	2
924	459	2
1053	459	2
1055	459	2
1058	459	2
1042	460	2
495	461	2
210	462	2
559	462	2
34	463	2
243	463	2
318	463	2
417	463	2
541	463	2
583	463	2
671	463	2
837	463	2
950	463	2
1021	463	2
98	464	2
92	465	2
764	466	2
131	467	2
660	467	2
1088	467	2
973	468	2
625	469	2
155	470	2
497	470	2
807	471	2
898	471	2
931	472	2
162	473	2
962	473	2
197	474	2
1060	474	2
550	475	2
556	475	2
191	476	2
279	477	2
583	477	2
92	478	2
658	478	2
891	478	2
1074	478	2
430	479	2
26	480	2
51	480	2
574	480	2
667	480	2
162	481	2
221	481	2
319	481	2
333	481	2
352	481	2
454	481	2
771	481	2
897	481	2
984	481	2
498	482	2
274	483	2
1017	483	2
717	484	2
241	485	2
344	485	2
369	485	2
389	485	2
251	486	2
99	487	2
156	487	2
562	487	2
620	487	2
739	487	2
168	488	2
936	489	2
103	490	2
452	490	2
453	490	2
571	490	2
632	490	2
684	490	2
974	490	2
130	491	2
796	491	2
524	492	2
557	492	2
880	492	2
439	493	2
722	493	2
702	494	2
170	495	2
442	495	2
461	495	2
564	495	2
691	495	2
897	496	2
470	497	2
576	497	2
706	497	2
893	497	2
263	498	2
482	498	2
897	498	2
686	499	2
915	499	2
430	500	2
413	501	2
197	502	2
1060	503	2
251	504	2
641	504	2
1058	505	2
338	506	2
657	506	2
459	507	2
1037	507	2
552	508	2
187	509	2
197	509	2
320	509	2
765	509	2
840	509	2
518	510	2
590	510	2
267	511	2
123	512	2
523	512	2
646	513	2
828	513	2
324	514	2
141	515	2
408	515	2
458	515	2
834	515	2
935	515	2
998	515	2
1001	515	2
1083	515	2
79	516	2
400	516	2
413	516	2
576	517	2
592	517	2
787	517	2
1109	517	2
39	518	2
510	518	2
1108	518	2
417	519	2
966	519	2
219	520	2
707	520	2
42	521	2
114	521	2
102	522	2
237	522	2
123	523	2
512	523	2
176	524	2
492	524	2
557	524	2
810	524	2
963	524	2
1020	524	2
1095	524	2
28	525	2
894	525	2
301	526	2
583	526	2
703	526	2
751	526	2
813	526	2
358	527	2
279	528	2
654	528	2
413	529	2
583	529	2
338	530	2
1006	531	2
287	532	2
405	532	2
762	532	2
595	533	2
153	534	2
9	535	2
169	535	2
357	535	2
542	535	2
587	535	2
158	536	2
565	536	2
430	537	2
442	537	2
860	537	2
149	538	2
767	538	2
1118	539	2
710	540	2
394	541	2
463	541	2
837	541	2
1007	541	2
535	542	2
583	543	2
229	544	2
442	544	2
699	544	2
1033	545	2
760	546	2
841	546	2
387	547	2
765	548	2
65	549	2
254	549	2
614	549	2
761	549	2
232	550	2
264	550	2
475	550	2
628	550	2
647	550	2
762	550	2
1008	550	2
1062	551	2
142	552	2
223	552	2
508	552	2
782	552	2
811	552	2
931	552	2
973	552	2
400	553	2
263	554	2
415	554	2
201	555	2
232	555	2
556	555	2
475	556	2
555	556	2
492	557	2
524	557	2
1099	558	2
41	559	2
135	559	2
210	559	2
462	559	2
758	559	2
780	559	2
961	559	2
251	560	2
280	561	2
152	562	2
487	562	2
358	563	2
778	563	2
1041	563	2
1061	563	2
1064	563	2
50	564	2
495	564	2
536	565	2
1057	565	2
106	566	2
314	567	2
65	568	2
685	568	2
294	569	2
1107	569	2
603	570	2
773	570	2
926	570	2
975	570	2
490	571	2
30	572	2
593	572	2
33	573	2
161	573	2
857	573	2
1088	573	2
1101	573	2
480	574	2
283	575	2
686	575	2
915	575	2
184	576	2
272	576	2
413	576	2
497	576	2
517	576	2
757	576	2
803	576	2
1000	576	2
1078	576	2
30	577	2
60	577	2
927	578	2
190	579	2
279	580	2
658	581	2
914	581	2
299	582	2
658	582	2
856	582	2
979	582	2
50	583	2
96	583	2
107	583	2
110	583	2
157	583	2
192	583	2
219	583	2
228	583	2
233	583	2
252	583	2
361	583	2
463	583	2
477	583	2
526	583	2
529	583	2
543	583	2
599	583	2
773	583	2
835	583	2
948	583	2
1035	583	2
1057	583	2
279	584	2
77	585	2
365	585	2
625	585	2
875	585	2
43	586	2
110	586	2
322	586	2
1058	586	2
357	587	2
535	587	2
913	587	2
129	588	2
1062	588	2
313	589	2
421	590	2
510	590	2
85	591	2
897	591	2
216	592	2
517	592	2
716	592	2
1025	592	2
1051	592	2
1056	592	2
2	593	2
157	593	2
265	593	2
572	593	2
612	593	2
1029	593	2
1040	593	2
703	594	2
65	595	2
533	595	2
86	596	2
94	596	2
165	596	2
324	596	2
327	596	2
404	596	2
623	596	2
981	596	2
1066	596	2
1085	596	2
374	597	2
243	598	2
990	598	2
583	599	2
85	600	2
1088	601	2
856	602	2
570	603	2
773	603	2
1100	603	2
229	604	2
748	605	2
277	606	2
430	606	2
709	607	2
852	608	2
387	609	2
732	610	2
197	611	2
268	611	2
651	611	2
1109	611	2
593	612	2
1029	612	2
1109	613	2
56	614	2
98	614	2
111	614	2
227	614	2
239	614	2
244	614	2
254	614	2
255	614	2
266	614	2
298	614	2
312	614	2
329	614	2
404	614	2
549	614	2
630	614	2
699	614	2
750	614	2
761	614	2
895	614	2
968	614	2
1063	614	2
1099	614	2
61	615	2
991	616	2
254	617	2
277	618	2
279	619	2
487	620	2
1047	620	2
279	621	2
65	622	2
393	622	2
103	623	2
266	623	2
596	623	2
764	623	2
658	624	2
469	625	2
585	625	2
882	625	2
437	626	2
799	626	2
300	627	2
632	627	2
729	627	2
981	627	2
550	628	2
446	629	2
281	630	2
353	630	2
614	630	2
813	630	2
968	630	2
1099	630	2
22	631	2
838	631	2
362	632	2
444	632	2
453	632	2
490	632	2
627	632	2
113	633	2
151	633	2
384	633	2
866	633	2
229	634	2
22	635	2
315	635	2
5	636	2
37	636	2
60	636	2
149	636	2
175	636	2
197	636	2
398	636	2
412	636	2
413	636	2
748	636	2
764	636	2
831	636	2
920	636	2
930	636	2
1034	636	2
1046	636	2
703	637	2
909	638	2
969	638	2
1072	638	2
259	639	2
435	639	2
823	640	2
160	641	2
251	641	2
504	641	2
313	642	2
1060	643	2
56	644	2
237	644	2
316	644	2
404	644	2
6	645	2
174	645	2
303	645	2
803	645	2
906	645	2
6	646	2
513	646	2
550	647	2
254	648	2
823	649	2
710	650	2
611	651	2
42	652	2
803	653	2
528	654	2
874	655	2
153	656	2
219	656	2
506	657	2
780	657	2
890	657	2
18	658	2
122	658	2
125	658	2
145	658	2
188	658	2
194	658	2
406	658	2
478	658	2
581	658	2
582	658	2
624	658	2
693	658	2
727	658	2
730	658	2
742	658	2
775	658	2
819	658	2
835	658	2
924	658	2
931	658	2
970	658	2
1053	658	2
1058	658	2
1081	658	2
881	659	2
986	659	2
131	660	2
467	660	2
1088	660	2
804	661	2
1037	661	2
869	662	2
1076	662	2
134	663	2
400	663	2
854	664	2
95	665	2
449	665	2
60	666	2
51	667	2
480	667	2
168	668	2
24	669	2
702	670	2
15	671	2
463	671	2
704	671	2
797	671	2
929	671	2
206	672	2
976	673	2
814	674	2
1088	674	2
274	675	2
45	676	2
338	676	2
292	677	2
1010	678	2
26	679	2
905	679	2
168	680	2
1099	681	2
908	682	2
977	682	2
459	683	2
967	683	2
35	684	2
324	684	2
490	684	2
757	684	2
823	684	2
87	685	2
257	685	2
568	685	2
978	685	2
499	686	2
575	686	2
915	686	2
1078	687	2
210	688	2
133	689	2
22	690	2
140	690	2
219	690	2
269	690	2
385	690	2
400	690	2
459	690	2
788	690	2
863	690	2
1014	690	2
1032	690	2
495	691	2
901	691	2
958	692	2
3	693	2
92	693	2
658	693	2
727	693	2
976	694	2
61	695	2
92	696	2
732	697	2
166	698	2
225	699	2
356	699	2
544	699	2
614	699	2
895	699	2
1063	699	2
1058	700	2
706	701	2
186	702	2
321	702	2
494	702	2
670	702	2
1058	702	2
58	703	2
128	703	2
139	703	2
231	703	2
345	703	2
401	703	2
412	703	2
526	703	2
594	703	2
637	703	2
709	703	2
718	703	2
749	703	2
758	703	2
808	703	2
818	703	2
872	703	2
924	703	2
952	703	2
1081	703	2
671	704	2
950	704	2
16	705	2
203	705	2
287	705	2
781	705	2
1090	705	2
210	706	2
292	706	2
497	706	2
701	706	2
1043	706	2
520	707	2
732	707	2
430	708	2
14	709	2
75	709	2
325	709	2
412	709	2
422	709	2
607	709	2
703	709	2
891	709	2
980	709	2
1058	709	2
211	710	2
250	710	2
309	710	2
540	710	2
650	710	2
967	710	2
30	711	2
60	711	2
269	711	2
413	712	2
940	713	2
1076	713	2
418	714	2
210	715	2
338	715	2
1106	715	2
216	716	2
406	716	2
592	716	2
484	717	2
836	717	2
951	717	2
89	718	2
703	718	2
22	719	2
338	719	2
763	720	2
336	721	2
179	722	2
331	722	2
439	722	2
493	722	2
110	723	2
58	724	2
109	725	2
225	726	2
658	727	2
693	727	2
181	728	2
909	728	2
627	729	2
658	730	2
865	730	2
287	731	2
1099	731	2
289	732	2
610	732	2
697	732	2
707	732	2
769	732	2
1054	732	2
24	733	2
80	733	2
400	733	2
816	733	2
55	734	2
404	734	2
789	734	2
191	735	2
773	736	2
854	736	2
1107	736	2
794	737	2
365	738	2
275	739	2
487	739	2
1060	740	2
338	741	2
908	741	2
157	742	2
331	742	2
431	742	2
658	742	2
949	742	2
1055	742	2
254	743	2
879	743	2
391	744	2
1059	745	2
269	746	2
964	746	2
196	747	2
786	747	2
791	747	2
412	748	2
605	748	2
636	748	2
22	749	2
703	749	2
404	750	2
614	750	2
895	750	2
406	751	2
526	751	2
813	751	2
835	751	2
924	751	2
276	752	2
989	753	2
203	754	2
80	755	2
314	755	2
1032	755	2
159	756	2
804	756	2
576	757	2
684	757	2
1094	757	2
559	758	2
703	758	2
840	759	2
546	760	2
841	760	2
966	760	2
1107	760	2
111	761	2
254	761	2
549	761	2
614	761	2
813	761	2
821	761	2
1111	761	2
146	762	2
174	762	2
217	762	2
287	762	2
405	762	2
532	762	2
550	762	2
865	762	2
360	763	2
720	763	2
282	764	2
466	764	2
623	764	2
636	764	2
965	764	2
982	764	2
222	765	2
509	765	2
548	765	2
40	766	2
538	767	2
251	768	2
732	769	2
395	770	2
63	771	2
85	771	2
143	771	2
333	771	2
481	771	2
259	772	2
412	772	2
835	772	2
570	773	2
583	773	2
603	773	2
736	773	2
338	774	2
658	775	2
924	776	2
30	777	2
563	778	2
820	778	2
413	779	2
41	780	2
210	780	2
338	780	2
559	780	2
657	780	2
705	781	2
1059	781	2
317	782	2
552	782	2
1055	783	2
47	784	2
58	784	2
30	785	2
747	786	2
517	787	2
22	788	2
690	788	2
734	789	2
197	790	2
160	791	2
196	791	2
333	791	2
747	791	2
897	791	2
1026	791	2
430	792	2
925	793	2
241	794	2
737	794	2
993	794	2
42	795	2
115	796	2
359	796	2
491	796	2
208	797	2
671	797	2
837	798	2
224	799	2
311	799	2
331	799	2
446	799	2
626	799	2
966	799	2
408	800	2
897	801	2
273	802	2
949	802	2
272	803	2
576	803	2
645	803	2
653	803	2
1000	803	2
118	804	2
119	804	2
661	804	2
756	804	2
806	804	2
889	804	2
918	804	2
954	804	2
1092	804	2
1001	805	2
804	806	2
471	807	2
703	808	2
400	809	2
176	810	2
524	810	2
552	811	2
1089	811	2
203	812	2
375	812	2
956	812	2
111	813	2
126	813	2
227	813	2
254	813	2
291	813	2
348	813	2
390	813	2
526	813	2
630	813	2
751	813	2
761	813	2
1081	813	2
254	814	2
674	814	2
22	815	2
269	815	2
964	815	2
733	816	2
958	817	2
703	818	2
211	819	2
329	819	2
658	819	2
1	820	2
778	820	2
1060	820	2
761	821	2
279	822	2
42	823	2
91	823	2
225	823	2
324	823	2
360	823	2
376	823	2
640	823	2
649	823	2
684	823	2
1032	823	2
1085	823	2
341	824	2
1017	824	2
314	825	2
229	826	2
1109	827	2
65	828	2
280	828	2
513	828	2
926	828	2
935	828	2
974	828	2
82	829	2
926	829	2
851	830	2
636	831	2
156	832	2
205	833	2
289	833	2
515	834	2
122	835	2
287	835	2
390	835	2
397	835	2
459	835	2
583	835	2
658	835	2
751	835	2
772	835	2
885	835	2
1037	835	2
717	836	2
49	837	2
212	837	2
262	837	2
330	837	2
463	837	2
541	837	2
798	837	2
1118	837	2
118	838	2
631	838	2
264	839	2
98	840	2
509	840	2
759	840	2
1103	840	2
14	841	2
259	841	2
287	841	2
397	841	2
412	841	2
546	841	2
760	841	2
852	841	2
966	841	2
1058	841	2
1091	842	2
949	843	2
101	844	2
412	844	2
429	844	2
993	844	2
921	845	2
404	846	2
24	847	2
292	847	2
100	848	2
220	848	2
984	849	2
1088	850	2
90	851	2
830	851	2
912	851	2
259	852	2
608	852	2
841	852	2
1098	852	2
61	853	2
664	854	2
736	854	2
1060	854	2
45	855	2
229	856	2
582	856	2
602	856	2
161	857	2
573	857	2
123	858	2
1113	859	2
430	860	2
537	860	2
871	860	2
991	860	2
30	861	2
962	862	2
141	863	2
269	863	2
459	863	2
690	863	2
294	864	2
1032	864	2
730	865	2
762	865	2
40	866	2
633	866	2
146	867	2
1042	868	2
662	869	2
1010	869	2
909	870	2
860	871	2
703	872	2
429	873	2
62	874	2
347	874	2
655	874	2
986	874	2
7	875	2
585	875	2
22	876	2
989	876	2
24	877	2
144	877	2
260	877	2
370	877	2
52	878	2
370	878	2
1088	878	2
743	879	2
197	880	2
492	880	2
1012	880	2
1110	880	2
1114	880	2
323	881	2
337	881	2
659	881	2
986	881	2
625	882	2
141	883	2
1025	883	2
1109	884	2
835	885	2
1053	885	2
274	886	2
427	887	2
42	888	2
142	888	2
804	889	2
657	890	2
478	891	2
709	891	2
1059	891	2
114	892	2
262	892	2
363	892	2
497	893	2
525	894	2
935	894	2
1079	894	2
93	895	2
442	895	2
614	895	2
699	895	2
750	895	2
174	896	2
85	897	2
251	897	2
333	897	2
381	897	2
441	897	2
481	897	2
496	897	2
498	897	2
591	897	2
791	897	2
801	897	2
998	897	2
1118	897	2
224	898	2
471	898	2
459	899	2
1099	900	2
691	901	2
251	902	2
304	903	2
408	903	2
1087	903	2
934	904	2
1088	904	2
25	905	2
26	905	2
218	905	2
679	905	2
942	905	2
1088	905	2
645	906	2
219	907	2
949	907	2
138	908	2
335	908	2
338	908	2
682	908	2
741	908	2
85	909	2
638	909	2
728	909	2
870	909	2
962	909	2
1115	909	2
262	910	2
947	910	2
181	911	2
391	911	2
851	912	2
587	913	2
581	914	2
65	915	2
312	915	2
445	915	2
499	915	2
575	915	2
686	915	2
989	915	2
434	916	2
181	917	2
804	918	2
312	919	2
430	919	2
636	920	2
168	921	2
279	921	2
293	921	2
845	921	2
374	922	2
1060	923	2
231	924	2
412	924	2
459	924	2
658	924	2
703	924	2
751	924	2
776	924	2
1053	924	2
203	925	2
793	925	2
254	926	2
570	926	2
828	926	2
829	926	2
1052	926	2
337	927	2
366	927	2
578	927	2
60	928	2
292	929	2
671	929	2
636	930	2
472	931	2
552	931	2
658	931	2
338	932	2
269	933	2
229	934	2
904	934	2
24	935	2
168	935	2
515	935	2
828	935	2
894	935	2
1001	935	2
172	936	2
455	936	2
489	936	2
446	937	2
336	938	2
22	939	2
44	939	2
254	940	2
713	940	2
313	941	2
26	942	2
218	942	2
905	942	2
279	943	2
217	944	2
1028	944	2
423	945	2
446	945	2
166	946	2
247	947	2
400	947	2
910	947	2
583	948	2
59	949	2
180	949	2
394	949	2
434	949	2
742	949	2
802	949	2
843	949	2
907	949	2
463	950	2
704	950	2
141	951	2
717	951	2
223	952	2
703	952	2
58	953	2
118	954	2
119	954	2
159	954	2
274	954	2
277	954	2
804	954	2
73	955	2
1073	955	2
203	956	2
812	956	2
356	957	2
125	958	2
249	958	2
261	958	2
306	958	2
351	958	2
692	958	2
817	958	2
131	959	2
26	960	2
210	961	2
559	961	2
29	962	2
61	962	2
83	962	2
162	962	2
181	962	2
473	962	2
862	962	2
909	962	2
524	963	2
22	964	2
95	964	2
269	964	2
331	964	2
746	964	2
815	964	2
1055	964	2
1059	964	2
305	965	2
764	965	2
14	966	2
141	966	2
168	966	2
209	966	2
390	966	2
431	966	2
519	966	2
760	966	2
799	966	2
841	966	2
1065	966	2
412	967	2
417	967	2
683	967	2
710	967	2
978	967	2
244	968	2
254	968	2
614	968	2
630	968	2
638	969	2
658	970	2
292	971	2
1062	972	2
142	973	2
468	973	2
552	973	2
324	974	2
490	974	2
828	974	2
570	975	2
673	976	2
694	976	2
995	976	2
1076	976	2
682	977	2
417	978	2
685	978	2
967	978	2
582	979	2
709	980	2
596	981	2
627	981	2
400	982	2
764	982	2
65	983	2
166	984	2
481	984	2
849	984	2
1048	984	2
1060	985	2
659	986	2
874	986	2
881	986	2
369	987	2
148	988	2
9	989	2
283	989	2
307	989	2
419	989	2
753	989	2
876	989	2
915	989	2
1010	989	2
130	990	2
598	990	2
373	991	2
616	991	2
860	991	2
92	992	2
116	993	2
794	993	2
844	993	2
390	994	2
976	995	2
377	996	2
123	997	2
515	998	2
897	998	2
22	999	2
399	1000	2
576	1000	2
803	1000	2
236	1001	2
276	1001	2
339	1001	2
515	1001	2
805	1001	2
935	1001	2
1050	1002	2
1052	1002	2
279	1003	2
420	1003	2
446	1004	2
1039	1004	2
248	1005	2
1009	1005	2
181	1006	2
308	1006	2
531	1006	2
84	1007	2
541	1007	2
550	1008	2
1005	1009	2
382	1010	2
678	1010	2
869	1010	2
989	1010	2
1117	1010	2
22	1011	2
40	1012	2
241	1012	2
362	1012	2
880	1012	2
1015	1012	2
353	1013	2
690	1014	2
1012	1015	2
277	1016	2
329	1017	2
483	1017	2
824	1017	2
1045	1017	2
1085	1017	2
106	1018	2
287	1018	2
430	1019	2
524	1020	2
463	1021	2
203	1022	2
237	1023	2
29	1024	2
61	1024	2
88	1025	2
406	1025	2
592	1025	2
883	1025	2
791	1026	2
1072	1027	2
944	1028	2
593	1029	2
612	1029	2
279	1030	2
56	1031	2
98	1031	2
118	1032	2
219	1032	2
324	1032	2
374	1032	2
409	1032	2
430	1032	2
690	1032	2
755	1032	2
823	1032	2
864	1032	2
26	1033	2
545	1033	2
1072	1033	2
636	1034	2
148	1035	2
314	1035	2
331	1035	2
361	1035	2
583	1035	2
181	1036	2
119	1037	2
172	1037	2
275	1037	2
507	1037	2
661	1037	2
835	1037	2
1109	1038	2
1004	1039	2
269	1040	2
593	1040	2
22	1041	2
197	1041	2
563	1041	2
1061	1041	2
197	1042	2
460	1042	2
868	1042	2
706	1043	2
109	1044	2
1017	1045	2
636	1046	2
620	1047	2
166	1048	2
984	1048	2
1057	1048	2
275	1049	2
4	1050	2
136	1050	2
203	1050	2
225	1050	2
1002	1050	2
592	1051	2
22	1052	2
89	1052	2
225	1052	2
254	1052	2
368	1052	2
370	1052	2
926	1052	2
1002	1052	2
58	1053	2
211	1053	2
301	1053	2
336	1053	2
406	1053	2
459	1053	2
658	1053	2
885	1053	2
924	1053	2
732	1054	2
426	1055	2
446	1055	2
459	1055	2
742	1055	2
783	1055	2
964	1055	2
592	1056	2
203	1057	2
271	1057	2
297	1057	2
565	1057	2
583	1057	2
1048	1057	2
1078	1057	2
6	1058	2
371	1058	2
397	1058	2
459	1058	2
505	1058	2
586	1058	2
658	1058	2
700	1058	2
702	1058	2
709	1058	2
841	1058	2
1081	1058	2
1102	1058	2
157	1059	2
451	1059	2
745	1059	2
781	1059	2
891	1059	2
964	1059	2
22	1060	2
197	1060	2
342	1060	2
474	1060	2
503	1060	2
643	1060	2
740	1060	2
820	1060	2
854	1060	2
923	1060	2
985	1060	2
1067	1060	2
93	1061	2
563	1061	2
1041	1061	2
430	1062	2
551	1062	2
588	1062	2
972	1062	2
1110	1062	2
98	1063	2
244	1063	2
614	1063	2
699	1063	2
446	1064	2
563	1064	2
191	1065	2
966	1065	2
596	1066	2
1060	1067	2
227	1068	2
1072	1068	2
210	1069	2
430	1070	2
413	1071	2
638	1072	2
1027	1072	2
1033	1072	2
1068	1072	2
73	1073	2
326	1073	2
955	1073	2
478	1074	2
118	1075	2
230	1076	2
662	1076	2
713	1076	2
976	1076	2
446	1077	2
31	1078	2
272	1078	2
379	1078	2
576	1078	2
687	1078	2
1057	1078	2
226	1079	2
894	1079	2
22	1080	2
658	1081	2
703	1081	2
813	1081	2
1058	1081	2
370	1082	2
515	1083	2
1088	1084	2
32	1085	2
118	1085	2
296	1085	2
411	1085	2
430	1085	2
596	1085	2
823	1085	2
1017	1085	2
1112	1086	2
903	1087	2
26	1088	2
131	1088	2
198	1088	2
230	1088	2
322	1088	2
467	1088	2
573	1088	2
601	1088	2
660	1088	2
674	1088	2
850	1088	2
878	1088	2
904	1088	2
905	1088	2
1084	1088	2
1104	1088	2
811	1089	2
16	1090	2
705	1090	2
83	1091	2
181	1091	2
383	1091	2
842	1091	2
119	1092	2
804	1092	2
417	1093	2
757	1094	2
524	1095	2
58	1096	2
67	1097	2
131	1097	2
395	1097	2
852	1098	2
17	1099	2
37	1099	2
244	1099	2
287	1099	2
558	1099	2
614	1099	2
630	1099	2
681	1099	2
731	1099	2
900	1099	2
603	1100	2
573	1101	2
1058	1102	2
840	1103	2
1088	1104	2
229	1105	2
41	1106	2
428	1106	2
715	1106	2
361	1107	2
569	1107	2
736	1107	2
760	1107	2
129	1108	2
518	1108	2
203	1109	2
205	1109	2
287	1109	2
324	1109	2
517	1109	2
611	1109	2
613	1109	2
827	1109	2
884	1109	2
1038	1109	2
880	1110	2
1062	1110	2
761	1111	2
430	1112	2
1086	1112	2
164	1113	2
859	1113	2
880	1114	2
909	1115	2
447	1116	2
451	1116	2
1010	1117	2
539	1118	2
837	1118	2
897	1118	2
