0	1
1	2
2	12
3	6
4	0
5	2
6	1
7	13
8	2
9	7
10	10
11	10
12	1
13	8
14	13
15	0
16	1
17	2
18	7
19	8
20	4
21	8
22	13
23	3
24	12
25	10
26	4
27	0
28	2
29	0
30	9
31	5
32	6
33	12
34	8
35	9
36	12
37	12
38	7
39	10
40	6
41	8
42	9
43	13
44	12
45	11
46	3
47	1
48	1
49	8
50	6
51	7
52	12
53	6
54	9
55	5
56	0
57	9
58	11
59	5
60	5
61	8
62	5
63	0
64	0
65	6
66	1
67	5
68	0
69	3
70	2
71	6
72	6
73	6
74	10
75	6
76	8
77	2
78	4
79	0
80	4
81	4
82	7
83	12
84	6
85	1
86	12
87	8
88	7
89	10
90	1
91	9
92	10
93	5
94	3
95	0
96	8
97	4
98	1
99	13
100	1
101	4
102	6
103	0
104	5
105	13
106	5
107	5
108	4
109	2
110	6
111	0
112	6
113	10
114	7
115	9
116	12
117	12
118	1
119	7
120	12
121	8
122	11
123	2
124	0
125	4
126	7
127	12
128	11
129	7
130	0
131	10
132	4
133	10
134	3
135	11
136	1
137	11
138	6
139	7
140	11
141	7
142	13
143	13
144	2
145	4
146	2
147	5
148	2
149	1
150	5
151	2
152	9
153	8
154	12
155	7
156	10
157	2
158	4
159	3
160	13
161	8
162	13
163	3
164	2
165	10
166	8
167	5
168	12
169	13
170	7
171	10
172	8
173	9
174	10
175	2
176	13
177	1
178	8
179	12
180	5
181	12
182	13
183	9
184	7
185	0
186	12
187	6
188	1
189	11
190	4
191	1
192	9
193	0
194	9
195	12
196	0
197	4
198	3
199	10
200	12
201	4
202	3
203	9
204	13
205	13
206	7
207	12
208	6
209	9
210	1
211	8
212	0
213	4
214	1
215	9
216	6
217	10
218	8
219	13
220	0
221	3
222	0
223	2
224	10
225	6
226	3
227	6
228	13
229	12
230	5
231	9
232	11
233	6
234	11
235	7
236	13
237	3
238	7
239	3
240	3
241	10
242	9
243	11
244	0
245	11
246	10
247	8
248	5
249	12
250	7
251	0
252	2
253	2
254	5
255	1
256	6
257	2
258	6
259	12
260	1
261	9
262	11
263	2
264	7
265	13
266	2
267	5
268	12
269	6
270	7
271	11
272	4
273	8
274	7
275	2
276	10
277	2
278	2
279	0
280	1
281	0
282	13
283	3
284	1
285	11
286	3
287	6
288	12
289	7
290	7
291	12
292	3
293	3
294	2
295	3
296	13
297	6
298	1
299	3
300	7
301	8
302	5
303	3
304	3
305	1
306	3
307	9
308	7
309	1
310	8
311	0
312	8
313	12
314	3
315	10
316	4
317	11
318	10
319	0
320	3
321	9
322	4
323	12
324	5
325	2
326	1
327	10
328	8
329	9
330	12
331	8
332	2
333	8
334	0
335	12
336	13
337	10
338	9
339	5
340	6
341	12
342	5
343	9
344	8
345	6
346	4
347	12
348	8
349	12
350	5
351	4
352	13
353	6
354	4
355	12
356	10
357	11
358	3
359	1
360	10
361	5
362	8
363	7
364	4
365	7
366	2
367	13
368	6
369	9
370	2
371	7
372	12
373	6
374	2
375	7
376	7
377	7
378	0
379	8
380	6
381	3
382	5
383	0
384	12
385	3
386	7
387	4
388	11
389	4
390	9
391	2
392	8
393	0
394	11
395	0
396	13
397	2
398	1
399	11
400	9
401	13
402	2
403	9
404	3
405	0
406	4
407	2
408	9
409	1
410	5
411	1
412	9
413	9
414	6
415	12
416	6
417	6
418	8
419	8
420	5
421	4
422	5
423	13
424	6
425	6
426	5
427	0
428	7
429	1
430	5
431	10
432	12
433	9
434	3
435	1
436	2
437	9
438	0
439	13
440	1
441	12
442	6
443	4
444	6
445	6
446	5
447	8
448	8
449	3
450	3
451	11
452	12
453	2
454	4
455	5
456	0
457	10
458	1
459	8
460	0
461	7
462	1
463	6
464	11
465	13
466	13
467	1
468	2
469	12
470	11
471	12
472	11
473	9
474	10
475	6
476	7
477	13
478	5
479	3
480	11
481	10
482	9
483	4
484	1
485	3
486	11
487	10
488	2
489	3
490	5
491	8
492	6
493	7
494	13
495	9
496	9
497	4
498	8
499	8
500	13
501	12
502	7
503	5
504	7
505	4
506	4
507	1
508	13
509	4
510	12
511	11
512	7
513	1
514	3
515	2
516	10
517	4
518	13
519	6
520	11
521	12
522	3
523	3
524	11
525	5
526	3
527	7
528	11
529	10
530	12
531	8
532	0
533	10
534	7
535	1
536	10
537	2
538	13
539	2
540	11
541	5
542	11
543	8
544	11
545	10
546	8
547	6
548	10
549	1
550	0
551	1
552	9
553	7
554	9
555	0
556	2
557	12
558	6
559	9
560	12
561	13
562	0
563	0
564	9
565	2
566	6
567	1
568	8
569	12
570	10
571	9
572	4
573	1
574	9
575	4
576	1
577	4
578	6
579	11
580	2
581	8
582	6
583	1
584	8
585	11
586	5
587	9
588	9
589	6
590	6
591	8
592	4
593	5
594	2
595	11
596	9
597	6
598	13
599	13
600	6
601	2
602	5
603	13
604	13
605	0
606	2
607	3
608	2
609	2
610	9
611	10
612	4
613	9
614	2
615	7
616	4
617	0
618	9
619	12
620	8
621	13
622	0
623	9
624	5
625	3
626	4
627	11
628	7
629	0
630	3
631	5
632	10
633	10
634	13
635	7
636	1
637	11
638	9
639	11
640	9
641	9
642	13
643	11
644	5
645	13
646	12
647	6
648	0
649	2
650	11
651	8
652	9
653	6
654	5
655	3
656	4
657	10
658	7
659	13
660	1
661	3
662	0
663	12
664	10
665	12
666	2
667	1
668	4
669	2
670	11
671	6
672	6
673	3
674	7
675	2
676	3
677	9
678	6
679	13
680	1
681	11
682	8
683	13
684	3
685	9
686	6
687	6
688	12
689	4
690	0
691	7
692	13
693	0
694	1
695	4
696	8
697	2
698	13
699	0
700	6
701	7
702	5
703	3
704	5
705	12
706	1
707	8
708	4
709	11
710	3
711	8
712	4
713	11
714	6
715	11
716	10
717	12
718	8
719	3
720	5
721	1
722	9
723	5
724	10
725	0
726	1
727	7
728	11
729	2
730	6
731	7
732	4
733	1
734	6
735	12
736	1
737	13
738	9
739	10
740	1
741	12
742	3
743	4
744	5
745	2
746	7
747	5
748	7
749	5
750	11
751	7
752	9
753	2
754	3
755	1
756	3
757	10
758	5
759	2
760	6
761	10
762	8
763	12
764	1
765	13
766	2
767	1
768	12
769	4
770	6
771	7
772	5
773	5
774	10
775	10
776	13
777	3
778	5
779	10
780	4
781	4
782	7
783	10
784	9
785	1
786	5
787	11
788	8
789	10
790	8
791	2
792	11
793	1
794	5
795	8
796	8
797	12
798	6
799	0
800	7
801	7
802	1
803	11
804	7
805	1
806	2
807	2
808	11
809	9
810	12
811	6
812	11
813	5
814	6
815	11
816	13
817	7
818	0
819	1
820	10
821	0
822	0
823	5
824	9
825	6
826	3
827	0
828	1
829	8
830	0
831	1
832	2
833	6
834	0
835	3
836	0
837	7
838	12
839	7
840	4
841	1
842	0
843	10
844	6
845	11
846	3
847	10
848	9
849	2
850	6
851	13
852	0
853	1
854	7
855	11
856	8
857	12
858	3
859	10
860	1
861	13
862	11
863	4
864	0
865	8
866	10
867	10
868	7
869	10
870	2
871	3
872	11
873	13
874	7
875	7
876	7
877	13
878	8
879	6
880	2
881	8
882	1
883	12
884	3
885	4
886	8
887	4
888	6
889	5
890	3
891	4
892	7
893	0
894	7
895	9
896	5
897	1
898	13
899	3
900	4
901	8
902	10
903	1
904	0
905	13
906	12
907	7
908	12
909	12
910	5
911	13
912	7
913	8
914	2
915	5
916	0
917	1
918	7
919	0
920	5
921	2
922	12
923	13
924	1
925	4
926	2
927	10
928	13
929	8
930	9
931	7
932	1
933	7
934	12
935	4
936	7
937	8
938	8
939	12
940	10
941	11
942	7
943	6
944	2
945	5
946	11
947	10
948	6
949	7
950	3
951	8
952	12
953	7
954	10
955	4
956	1
957	11
958	1
959	13
960	7
961	5
962	5
963	4
964	3
965	11
966	12
967	11
968	10
969	3
970	12
971	4
972	2
973	10
974	12
975	5
976	3
977	13
978	7
979	11
980	4
981	5
982	11
983	10
984	8
985	5
986	10
987	12
988	7
989	3
990	7
991	4
992	3
993	10
994	12
995	11
996	7
997	8
998	13
999	11
1000	7
1001	3
1002	9
1003	1
1004	1
1005	7
1006	12
1007	4
1008	13
1009	1
1010	4
1011	2
1012	8
1013	0
1014	8
1015	5
1016	6
1017	10
1018	9
1019	9
1020	13
1021	5
1022	7
1023	9
1024	7
1025	4
1026	3
1027	1
1028	5
1029	0
1030	7
1031	0
1032	1
1033	10
1034	10
1035	11
1036	12
1037	4
1038	12
1039	6
1040	12
1041	13
1042	9
1043	9
1044	5
1045	8
1046	10
1047	5
1048	2
1049	12
1050	3
1051	8
1052	12
1053	2
1054	13
1055	3
1056	1
1057	3
1058	8
1059	4
1060	11
1061	6
1062	12
1063	8
1064	9
1065	11
1066	12
1067	13
1068	11
1069	4
1070	2
1071	8
1072	2
1073	8
1074	1
1075	2
1076	4
1077	3
1078	8
1079	10
1080	13
1081	10
1082	6
1083	9
1084	13
1085	1
1086	11
1087	13
1088	10
1089	12
1090	1
1091	11
1092	9
1093	0
1094	5
1095	11
1096	11
1097	11
1098	9
1099	5
1100	3
1101	6
1102	6
1103	5
1104	2
1105	1
1106	1
1107	9
1108	8
1109	2
1110	12
1111	8
1112	6
1113	1
1114	2
1115	0
1116	0
1117	6
1118	2
1119	4
1120	6
1121	10
1122	12
1123	4
1124	5
1125	3
1126	11
1127	9
1128	13
1129	8
1130	13
1131	6
1132	2
1133	8
1134	9
1135	2
1136	3
1137	12
1138	0
1139	0
1140	13
1141	4
1142	6
1143	11
1144	11
1145	10
1146	7
1147	2
1148	11
1149	5
1150	6
1151	3
1152	10
1153	4
1154	12
1155	11
1156	6
1157	1
1158	11
1159	6
1160	11
1161	0
1162	11
1163	2
1164	8
1165	3
1166	6
1167	0
1168	1
1169	4
1170	2
1171	7
1172	10
1173	11
1174	13
1175	2
1176	10
1177	5
1178	3
1179	7
1180	3
1181	9
1182	3
1183	9
1184	12
1185	9
1186	0
1187	13
1188	4
1189	8
1190	3
1191	8
1192	12
1193	8
1194	3
1195	6
1196	11
1197	0
1198	10
1199	3
1200	1
1201	8
1202	12
1203	12
1204	8
1205	3
1206	8
1207	7
1208	8
1209	1
1210	2
1211	13
1212	0
1213	2
1214	1
1215	9
1216	4
1217	2
1218	13
1219	11
1220	13
1221	12
1222	3
1223	0
1224	6
1225	9
1226	12
1227	10
1228	6
1229	12
1230	5
1231	5
1232	0
1233	7
1234	4
1235	2
1236	2
1237	13
1238	9
1239	10
1240	13
1241	7
1242	6
1243	7
1244	8
1245	11
1246	11
1247	9
1248	5
1249	10
1250	3
1251	10
1252	9
1253	8
1254	6
1255	12
1256	4
1257	13
1258	9
1259	7
1260	11
1261	11
1262	10
1263	6
1264	1
1265	10
1266	10
1267	2
1268	3
1269	6
1270	9
1271	7
1272	10
1273	1
1274	2
1275	10
1276	8
1277	12
1278	10
1279	7
1280	12
1281	6
1282	4
1283	1
1284	5
1285	0
1286	7
1287	7
1288	13
1289	13
1290	9
1291	3
1292	3
1293	3
1294	8
1295	10
1296	5
1297	9
1298	6
1299	3
1300	7
1301	12
1302	12
1303	7
1304	6
1305	8
1306	5
1307	3
1308	12
1309	8
1310	11
1311	11
1312	3
1313	1
1314	0
1315	9
1316	8
1317	6
1318	9
1319	10
1320	5
1321	8
1322	2
1323	13
1324	4
1325	10
1326	9
1327	6
1328	1
1329	7
1330	12
1331	4
1332	7
1333	13
1334	8
1335	7
1336	13
1337	3
1338	10
1339	5
1340	3
1341	11
1342	1
1343	3
1344	13
1345	3
1346	0
1347	7
1348	0
1349	6
1350	1
1351	0
1352	9
1353	6
1354	7
1355	4
1356	12
1357	6
1358	2
1359	12
1360	10
1361	10
1362	8
1363	9
1364	12
1365	1
1366	1
1367	6
1368	1
1369	0
1370	12
1371	12
1372	7
1373	13
1374	7
1375	4
1376	5
1377	12
1378	12
1379	8
1380	3
1381	3
1382	0
1383	7
1384	13
1385	13
1386	12
1387	0
1388	10
1389	13
1390	8
1391	3
1392	5
1393	0
1394	13
1395	7
1396	11
1397	6
1398	6
1399	13
1400	10
1401	11
1402	9
1403	1
1404	10
1405	13
1406	3
1407	4
1408	5
1409	8
1410	12
1411	0
1412	8
1413	9
1414	7
1415	10
1416	5
1417	7
1418	13
1419	7
1420	2
1421	8
1422	3
1423	5
1424	13
1425	1
1426	10
1427	9
1428	11
1429	9
1430	5
1431	12
1432	13
1433	8
1434	6
1435	8
1436	9
1437	9
1438	4
1439	9
1440	11
1441	8
1442	9
1443	3
1444	1
1445	13
1446	6
1447	1
1448	7
1449	7
1450	10
1451	4
1452	6
1453	5
1454	5
1455	5
1456	5
1457	2
1458	11
1459	5
1460	2
1461	9
1462	0
1463	13
1464	5
1465	4
1466	4
1467	3
1468	4
1469	7
1470	1
1471	4
1472	0
1473	3
1474	11
1475	12
1476	1
1477	0
1478	13
1479	9
1480	8
1481	8
1482	4
1483	5
1484	12
1485	1
1486	6
1487	8
1488	7
1489	8
1490	12
1491	13
1492	13
1493	4
1494	7
1495	7
1496	12
1497	12
1498	2
1499	6
1500	11
1501	5
1502	6
1503	0
1504	0
1505	1
1506	12
1507	3
1508	3
1509	3
1510	7
1511	3
1512	9
1513	11
1514	3
1515	0
1516	9
1517	6
1518	1
1519	11
1520	7
1521	5
1522	6
1523	10
1524	8
1525	6
1526	1
1527	0
1528	7
1529	9
1530	5
1531	0
1532	8
1533	5
1534	5
1535	7
1536	6
1537	12
1538	2
1539	12
1540	12
1541	9
1542	7
1543	9
1544	7
1545	11
1546	3
1547	7
1548	6
1549	2
1550	7
1551	8
1552	10
1553	11
1554	8
1555	6
1556	10
1557	10
1558	11
1559	7
1560	2
1561	10
1562	12
1563	11
1564	10
1565	13
1566	3
1567	4
1568	9
1569	5
1570	2
1571	12
1572	6
1573	13
1574	7
1575	2
1576	0
1577	3
1578	2
1579	13
1580	0
1581	13
1582	12
1583	1
1584	3
1585	4
1586	6
1587	11
1588	13
1589	10
1590	13
1591	1
1592	1
1593	7
1594	13
1595	8
1596	13
1597	11
1598	11
1599	2
1600	12
1601	4
1602	5
1603	1
1604	2
1605	6
1606	10
1607	2
1608	10
1609	11
1610	2
1611	13
1612	3
1613	11
1614	10
1615	1
1616	6
1617	6
1618	4
1619	3
1620	12
1621	2
1622	10
1623	2
1624	5
1625	10
1626	12
1627	3
1628	6
1629	10
1630	7
1631	4
1632	2
1633	5
1634	12
1635	7
1636	13
1637	4
1638	7
1639	3
1640	10
1641	0
1642	5
1643	7
1644	5
1645	4
1646	9
1647	5
1648	1
1649	0
1650	13
1651	5
1652	0
1653	0
1654	0
1655	13
1656	11
1657	7
1658	8
1659	6
1660	0
1661	7
1662	0
1663	4
1664	0
1665	2
1666	4
1667	2
1668	1
1669	7
1670	6
1671	12
1672	4
1673	7
1674	10
1675	6
1676	7
1677	2
1678	7
1679	13
1680	9
1681	2
1682	12
1683	0
1684	4
1685	7
1686	3
1687	1
1688	8
1689	12
1690	11
1691	11
1692	10
1693	12
1694	12
1695	11
1696	1
1697	8
1698	7
1699	6
1700	7
1701	8
1702	8
1703	12
1704	11
1705	1
1706	13
1707	2
1708	9
1709	10
1710	12
1711	2
1712	12
1713	5
1714	6
1715	4
1716	7
1717	9
1718	10
1719	7
1720	5
1721	10
1722	6
1723	11
1724	6
1725	4
1726	10
1727	1
1728	4
1729	2
1730	10
1731	4
1732	6
1733	5
1734	4
1735	4
1736	6
1737	2
1738	13
1739	8
1740	0
1741	9
1742	1
1743	3
1744	10
1745	2
1746	5
1747	5
1748	7
1749	11
1750	4
1751	4
1752	13
1753	3
1754	6
1755	10
1756	1
1757	12
1758	0
1759	9
1760	4
1761	13
1762	3
1763	10
1764	5
1765	10
1766	0
1767	3
1768	2
1769	2
1770	2
1771	4
1772	6
1773	11
1774	0
1775	11
1776	11
1777	12
1778	4
1779	11
1780	12
1781	13
1782	4
1783	13
1784	1
1785	4
1786	1
1787	3
1788	12
1789	2
1790	10
1791	10
1792	11
1793	4
1794	2
1795	8
1796	3
1797	13
1798	4
1799	8
1800	2
1801	0
1802	5
1803	12
1804	2
1805	3
1806	8
1807	8
1808	1
1809	11
1810	2
1811	10
1812	6
1813	0
1814	3
1815	7
1816	2
1817	6
1818	5
1819	0
1820	1
1821	4
1822	13
1823	1
1824	2
1825	5
1826	1
1827	6
1828	7
1829	5
1830	3
1831	4
1832	2
1833	3
1834	3
1835	6
1836	1
1837	3
1838	8
1839	4
1840	2
1841	12
1842	5
1843	5
1844	7
1845	12
1846	12
1847	10
1848	11
1849	10
1850	8
1851	13
1852	13
1853	11
1854	2
1855	1
1856	4
1857	3
1858	10
1859	11
1860	6
1861	3
1862	12
1863	11
1864	10
1865	10
1866	5
1867	9
1868	4
1869	8
1870	7
1871	3
1872	7
1873	9
1874	2
1875	3
1876	7
1877	13
1878	3
1879	11
1880	13
1881	9
1882	5
1883	9
1884	1
1885	0
1886	8
1887	8
1888	5
1889	3
1890	13
1891	0
1892	2
1893	8
1894	11
1895	9
1896	3
1897	7
1898	10
1899	1
1900	13
1901	11
1902	10
1903	10
1904	4
1905	9
1906	0
1907	1
1908	4
1909	0
1910	9
1911	10
1912	6
1913	2
1914	4
1915	13
1916	7
1917	2
1918	3
1919	4
1920	3
1921	3
1922	9
1923	7
1924	13
1925	11
1926	2
1927	13
1928	11
1929	7
1930	5
1931	1
1932	8
1933	5
1934	4
1935	9
1936	1
1937	9
1938	1
1939	9
1940	11
1941	9
1942	9
1943	10
1944	9
1945	6
1946	13
1947	8
1948	11
1949	11
1950	11
1951	5
1952	9
1953	12
1954	4
1955	2
1956	12
1957	12
1958	6
1959	0
1960	13
1961	10
1962	9
1963	7
1964	1
1965	13
1966	11
1967	1
1968	11
1969	11
1970	5
1971	6
1972	7
1973	8
1974	11
1975	6
1976	8
1977	1
1978	4
1979	1
1980	12
1981	11
1982	13
1983	4
1984	12
1985	9
1986	13
1987	10
1988	7
1989	13
1990	4
1991	13
1992	6
1993	7
1994	9
1995	11
1996	5
1997	11
1998	2
1999	6
2000	8
2001	11
2002	13
2003	0
2004	13
2005	11
2006	10
2007	0
2008	2
2009	10
2010	7
2011	13
2012	8
2013	3
2014	12
2015	0
2016	0
2017	10
2018	13
2019	1
2020	1
2021	2
2022	10
2023	7
2024	1
2025	8
2026	2
2027	1
2028	2
2029	1
2030	3
2031	7
2032	1
2033	9
2034	10
2035	5
2036	9
2037	6
2038	10
2039	3
2040	13
2041	8
2042	6
2043	2
2044	6
2045	12
2046	6
2047	12
2048	2
2049	3
2050	5
2051	13
2052	7
2053	6
2054	2
2055	7
2056	7
2057	2
2058	12
2059	8
2060	5
2061	4
2062	4
2063	4
2064	10
2065	8
2066	6
2067	10
2068	6
2069	13
2070	5
2071	5
2072	5
2073	9
2074	1
2075	13
2076	7
2077	8
2078	2
2079	12
2080	6
2081	7
2082	7
2083	12
2084	10
2085	12
2086	12
2087	8
2088	1
2089	7
2090	12
2091	9
2092	12
2093	10
2094	7
2095	7
2096	11
2097	0
2098	6
2099	13
2100	11
2101	2
2102	9
2103	7
2104	13
2105	8
2106	9
2107	7
2108	5
2109	10
2110	0
2111	0
2112	4
2113	12
2114	6
2115	8
2116	4
2117	9
2118	10
2119	7
2120	6
2121	0
2122	1
2123	7
2124	10
2125	9
2126	6
2127	6
2128	8
2129	13
2130	8
2131	6
2132	3
2133	3
2134	12
2135	12
2136	3
2137	0
2138	9
2139	13
2140	7
2141	3
2142	12
2143	12
2144	11
2145	1
2146	12
2147	11
2148	7
2149	1
2150	5
2151	9
2152	13
2153	9
2154	7
2155	9
2156	2
2157	11
2158	11
2159	3
2160	6
2161	3
2162	7
2163	9
2164	3
2165	4
2166	6
2167	0
2168	12
2169	0
2170	3
2171	5
2172	9
2173	11
2174	9
2175	4
2176	5
2177	7
2178	8
2179	4
2180	6
2181	1
2182	12
2183	13
2184	12
2185	10
2186	1
2187	1
2188	0
2189	10
2190	13
2191	0
2192	7
2193	7
2194	0
2195	12
2196	9
2197	5
2198	1
2199	10
2200	9
2201	5
2202	8
2203	12
2204	11
2205	11
2206	3
2207	12
2208	8
2209	12
2210	3
2211	4
2212	11
2213	11
2214	7
2215	6
2216	5
2217	0
2218	1
2219	3
2220	12
2221	13
2222	5
2223	13
2224	9
2225	4
2226	0
2227	10
2228	0
2229	5
2230	10
2231	9
2232	3
2233	6
2234	9
2235	10
2236	3
2237	6
2238	0
2239	12
2240	7
2241	4
2242	2
2243	1
2244	5
2245	2
2246	13
2247	13
2248	1
2249	11
2250	7
2251	13
2252	4
2253	9
2254	2
2255	11
2256	1
2257	7
2258	13
2259	1
2260	3
2261	10
2262	6
2263	1
2264	8
2265	8
2266	8
2267	3
2268	5
2269	3
2270	13
2271	0
2272	5
2273	11
2274	4
2275	6
2276	10
2277	10
2278	1
2279	8
2280	6
2281	0
2282	8
2283	8
2284	6
2285	11
2286	1
2287	12
2288	7
2289	9
2290	0
2291	2
2292	1
2293	13
2294	10
2295	1
2296	2
2297	5
2298	0
2299	3
2300	9
2301	7
2302	0
2303	13
2304	3
2305	11
2306	1
2307	5
2308	8
2309	9
2310	5
2311	2
2312	1
2313	10
2314	2
2315	11
2316	7
2317	5
2318	8
2319	11
2320	9
2321	3
2322	12
2323	5
2324	0
2325	4
2326	8
2327	3
2328	0
2329	0
2330	8
2331	5
2332	0
2333	9
2334	3
2335	9
2336	12
2337	11
2338	0
2339	2
2340	3
2341	6
2342	6
2343	8
2344	10
2345	4
2346	3
2347	11
2348	9
2349	11
2350	12
2351	2
2352	13
2353	9
2354	2
2355	1
2356	9
2357	3
2358	8
2359	13
2360	7
2361	5
2362	10
2363	12
2364	2
2365	12
2366	3
2367	9
2368	13
2369	6
2370	2
2371	2
2372	9
2373	5
2374	8
2375	7
2376	3
2377	1
2378	3
2379	10
2380	4
2381	9
2382	8
2383	13
2384	7
2385	12
2386	11
2387	3
2388	2
2389	1
2390	12
2391	1
2392	3
2393	11
2394	3
2395	6
2396	4
2397	7
2398	2
2399	5
2400	7
2401	9
2402	5
2403	10
2404	8
2405	3
2406	10
2407	2
2408	9
2409	6
2410	7
2411	9
2412	1
2413	13
2414	3
2415	5
2416	4
2417	8
2418	11
2419	3
2420	1
2421	12
2422	4
2423	0
2424	0
2425	7
2426	6
2427	10
2428	5
2429	3
2430	0
2431	7
2432	4
2433	11
2434	0
2435	7
2436	10
2437	11
2438	8
2439	2
2440	4
2441	10
2442	12
2443	5
2444	6
2445	6
2446	8
2447	0
2448	1
2449	7
2450	6
2451	2
2452	6
2453	9
2454	2
2455	3
2456	7
2457	1
2458	2
2459	1
2460	8
2461	10
2462	10
2463	10
2464	12
2465	7
2466	7
2467	11
2468	6
2469	8
2470	12
2471	2
2472	10
2473	10
2474	5
2475	3
2476	5
2477	3
2478	5
2479	3
2480	5
2481	1
2482	9
2483	1
2484	11
2485	1
2486	13
2487	13
2488	2
2489	7
2490	5
2491	9
2492	3
2493	10
2494	13
2495	0
2496	3
2497	13
2498	10
2499	7
2500	4
2501	3
2502	1
2503	3
2504	12
2505	3
2506	6
2507	3
2508	9
2509	9
2510	2
2511	2
2512	9
2513	6
2514	1
2515	6
2516	8
2517	4
2518	4
2519	10
2520	8
2521	5
2522	2
2523	9
2524	10
2525	0
2526	0
2527	12
2528	13
2529	13
2530	1
2531	13
2532	13
2533	5
2534	5
2535	6
2536	9
2537	12
2538	13
2539	2
2540	5
2541	11
2542	2
2543	7
2544	5
2545	12
2546	5
2547	8
2548	13
2549	13
2550	6
2551	1
2552	7
2553	5
2554	7
2555	10
2556	1
2557	0
2558	1
2559	2
2560	10
2561	5
2562	1
2563	6
2564	8
2565	4
2566	13
2567	2
2568	8
2569	12
2570	2
2571	5
2572	2
2573	13
2574	10
2575	13
2576	13
2577	12
2578	6
2579	2
2580	9
2581	5
2582	8
2583	5
2584	5
2585	12
2586	12
2587	3
2588	3
2589	2
2590	5
2591	4
2592	13
2593	5
2594	9
2595	8
2596	4
2597	9
2598	1
2599	5
2600	11
2601	4
2602	1
2603	10
2604	1
2605	2
2606	4
2607	11
2608	9
2609	6
2610	12
2611	10
2612	0
2613	4
2614	8
2615	13
2616	6
2617	13
2618	9
2619	8
2620	9
2621	6
2622	11
2623	13
2624	9
2625	2
2626	0
2627	11
2628	5
2629	13
2630	12
2631	7
2632	1
2633	7
2634	10
2635	5
2636	0
2637	5
2638	2
2639	6
2640	8
2641	7
2642	1
2643	4
2644	3
2645	0
2646	8
2647	11
2648	4
2649	6
2650	6
2651	4
2652	6
2653	10
2654	0
2655	0
2656	8
2657	2
2658	5
2659	6
2660	13
2661	9
2662	3
2663	12
2664	1
2665	10
2666	10
2667	3
2668	12
2669	7
2670	11
2671	5
2672	12
2673	2
2674	13
2675	7
2676	3
2677	9
2678	3
2679	12
2680	1
2681	3
2682	11
2683	13
2684	11
2685	13
2686	11
2687	7
2688	2
2689	0
2690	8
2691	0
2692	6
2693	7
2694	12
2695	13
2696	11
2697	8
2698	1
2699	12
2700	1
2701	4
2702	6
2703	1
2704	8
2705	1
2706	5
2707	12
2708	7
2709	9
2710	13
2711	13
2712	9
2713	4
2714	12
2715	1
2716	13
2717	11
2718	0
2719	7
2720	10
2721	2
2722	8
2723	12
2724	0
2725	10
2726	8
2727	4
2728	7
2729	2
2730	4
2731	8
2732	6
2733	5
2734	4
2735	8
2736	13
2737	13
2738	13
2739	9
2740	7
2741	12
2742	2
2743	13
2744	11
2745	3
2746	4
2747	0
2748	11
2749	13
2750	6
2751	2
2752	2
2753	6
2754	11
2755	8
2756	1
2757	0
2758	2
2759	2
2760	11
2761	6
2762	0
2763	13
2764	3
2765	8
2766	1
2767	12
2768	0
2769	3
2770	8
2771	0
2772	5
2773	8
2774	12
2775	8
2776	12
2777	0
2778	10
2779	9
2780	1
2781	4
2782	4
2783	1
2784	9
2785	8
2786	13
2787	11
2788	5
2789	2
2790	6
2791	5
2792	4
2793	3
2794	0
2795	11
2796	10
2797	5
2798	0
2799	9
2800	11
2801	4
2802	11
2803	12
2804	0
2805	2
2806	11
2807	1
2808	7
2809	1
2810	8
2811	6
2812	8
2813	9
2814	3
2815	8
2816	9
2817	6
2818	5
2819	11
2820	12
2821	1
2822	8
2823	2
2824	12
2825	12
2826	1
2827	10
2828	12
2829	11
2830	10
2831	10
2832	6
2833	1
2834	10
2835	6
2836	10
2837	5
2838	11
2839	3
2840	3
2841	8
2842	3
2843	3
2844	1
2845	1
2846	0
2847	12
2848	6
2849	2
2850	11
2851	1
2852	2
2853	10
2854	6
2855	1
2856	3
2857	7
2858	9
2859	8
2860	2
2861	3
2862	13
2863	12
2864	3
2865	4
2866	1
2867	1
2868	10
2869	5
2870	1
2871	3
2872	9
2873	5
2874	5
2875	12
2876	6
2877	8
2878	6
2879	3
2880	8
2881	12
2882	12
2883	3
2884	0
2885	11
2886	10
2887	5
2888	7
2889	0
2890	12
2891	12
2892	3
2893	13
2894	11
2895	5
2896	1
2897	8
2898	8
2899	13
2900	2
2901	12
2902	9
2903	0
2904	2
2905	1
2906	8
2907	9
2908	11
2909	9
2910	0
2911	2
2912	2
2913	7
2914	5
2915	7
2916	6
2917	5
2918	13
2919	8
2920	2
2921	8
2922	3
2923	8
2924	0
2925	2
2926	1
2927	2
2928	0
2929	9
2930	1
2931	0
2932	10
2933	10
2934	12
2935	12
2936	9
2937	9
2938	13
2939	9
2940	9
2941	13
2942	3
2943	3
2944	9
2945	6
2946	0
2947	5
2948	13
2949	5
2950	2
2951	4
2952	12
2953	5
2954	9
2955	10
2956	13
2957	5
2958	0
2959	6
2960	11
2961	5
2962	10
2963	13
2964	4
2965	7
2966	0
2967	12
2968	7
2969	11
2970	13
2971	2
2972	1
2973	1
2974	3
2975	3
2976	6
2977	2
2978	4
2979	10
2980	4
2981	12
2982	8
2983	8
2984	12
2985	0
2986	6
2987	10
2988	4
2989	9
2990	3
2991	0
2992	9
2993	5
2994	8
2995	0
2996	0
2997	5
2998	12
2999	9
3000	10
3001	1
3002	8
3003	1
3004	4
3005	7
3006	13
3007	3
3008	10
3009	12
3010	10
3011	3
3012	4
3013	3
3014	7
3015	1
3016	9
3017	9
3018	7
3019	8
3020	4
3021	6
3022	9
3023	13
3024	5
3025	4
3026	8
3027	3
3028	6
3029	5
3030	8
3031	5
3032	11
3033	1
3034	9
3035	8
3036	7
3037	4
3038	7
3039	2
3040	11
3041	12
3042	11
3043	12
3044	1
3045	8
3046	12
3047	1
3048	4
3049	2
3050	12
3051	3
3052	12
3053	11
3054	9
3055	2
3056	5
3057	12
3058	10
3059	9
3060	3
3061	5
3062	9
3063	6
3064	10
3065	12
3066	2
3067	8
3068	9
3069	8
3070	10
3071	12
3072	8
3073	1
3074	10
3075	3
3076	10
3077	6
3078	3
3079	3
3080	10
3081	0
3082	9
3083	4
3084	7
3085	10
3086	7
3087	2
3088	10
3089	2
3090	9
3091	11
3092	0
3093	1
3094	10
3095	9
3096	1
3097	4
3098	11
3099	11
3100	1
3101	4
3102	9
3103	2
3104	8
3105	6
3106	11
3107	2
3108	11
3109	6
3110	2
3111	6
3112	4
3113	7
3114	4
3115	1
3116	6
3117	6
3118	10
3119	6
3120	12
3121	1
3122	9
3123	4
3124	5
3125	9
3126	3
3127	5
3128	8
3129	13
3130	9
3131	0
3132	10
3133	13
3134	4
3135	11
3136	5
3137	5
3138	8
3139	5
3140	12
3141	1
3142	5
3143	10
3144	11
3145	13
3146	1
3147	5
3148	0
3149	9
3150	10
3151	2
3152	1
3153	9
3154	10
3155	9
3156	11
3157	2
3158	7
3159	11
3160	9
3161	6
3162	1
3163	2
3164	9
3165	0
3166	13
3167	13
3168	5
3169	9
3170	12
3171	5
3172	5
3173	0
3174	6
3175	13
3176	7
3177	6
3178	11
3179	1
3180	12
3181	12
3182	7
3183	13
3184	2
3185	8
3186	8
3187	8
3188	10
3189	12
3190	2
3191	13
3192	5
3193	13
3194	8
3195	4
3196	8
3197	2
3198	11
3199	13
3200	4
3201	8
3202	4
3203	9
3204	11
3205	4
3206	12
3207	12
3208	3
3209	7
3210	6
3211	10
3212	13
3213	1
3214	9
3215	13
3216	10
3217	1
3218	7
3219	6
3220	12
3221	6
3222	4
3223	2
3224	2
3225	11
3226	7
3227	10
3228	13
3229	3
3230	2
3231	10
3232	0
3233	8
3234	9
3235	12
3236	11
3237	3
3238	1
3239	8
3240	6
3241	3
3242	8
3243	9
3244	1
3245	1
3246	12
3247	4
3248	3
3249	2
3250	5
3251	8
3252	3
3253	5
3254	13
3255	0
3256	5
3257	5
3258	8
3259	0
3260	0
3261	12
3262	3
3263	4
3264	5
3265	11
3266	10
3267	1
3268	2
3269	5
3270	3
3271	10
3272	3
3273	0
3274	3
3275	3
3276	13
3277	8
3278	10
3279	7
3280	2
3281	6
3282	8
3283	1
3284	4
3285	8
3286	4
3287	4
3288	9
3289	8
3290	7
3291	9
3292	2
3293	6
3294	6
3295	12
3296	2
3297	13
3298	6
3299	9
3300	7
3301	10
3302	11
3303	9
3304	11
3305	6
3306	4
3307	1
3308	1
3309	2
3310	2
3311	8
3312	3
3313	3
3314	3
3315	11
3316	4
3317	0
3318	3
3319	3
3320	0
3321	12
3322	3
3323	4
3324	8
3325	13
3326	2
3327	13
3328	11
3329	13
3330	8
3331	12
3332	4
3333	11
3334	12
3335	0
3336	5
3337	12
3338	7
3339	6
3340	10
3341	4
3342	6
3343	4
3344	7
3345	13
3346	8
3347	11
3348	8
3349	0
3350	6
3351	5
3352	0
3353	9
3354	8
3355	1
3356	11
3357	6
3358	6
3359	2
3360	11
3361	1
3362	10
3363	13
3364	8
3365	8
3366	11
3367	12
3368	11
3369	10
3370	5
3371	10
3372	6
3373	7
3374	1
3375	6
3376	9
3377	2
3378	11
3379	6
3380	3
3381	6
3382	7
3383	1
3384	6
3385	1
3386	6
3387	12
3388	5
3389	11
3390	12
3391	0
3392	7
3393	7
3394	10
3395	6
3396	1
3397	2
3398	7
3399	8
3400	9
3401	9
3402	2
3403	10
3404	5
3405	4
3406	9
3407	12
3408	10
3409	3
3410	5
3411	2
3412	2
3413	8
3414	11
3415	12
3416	1
3417	4
3418	11
3419	7
3420	8
3421	8
3422	6
3423	12
3424	11
3425	13
3426	3
3427	5
3428	7
3429	12
3430	2
3431	2
3432	9
3433	11
3434	8
3435	11
3436	11
3437	1
3438	1
3439	1
3440	7
3441	9
3442	12
3443	12
3444	11
3445	12
3446	3
3447	5
3448	11
3449	0
3450	13
3451	10
3452	1
3453	12
3454	2
3455	5
3456	2
3457	3
3458	5
3459	12
3460	8
3461	9
3462	8
3463	0
3464	11
3465	13
3466	8
3467	2
3468	5
3469	0
3470	10
3471	1
3472	5
3473	10
3474	0
3475	3
3476	13
3477	4
3478	11
3479	2
3480	4
3481	9
3482	5
3483	9
3484	2
3485	4
3486	0
3487	6
3488	2
3489	1
3490	1
3491	11
3492	1
3493	5
3494	13
3495	5
3496	7
3497	4
3498	11
3499	13
3500	6
3501	6
3502	4
3503	1
3504	4
3505	10
3506	3
3507	8
3508	3
3509	5
3510	4
3511	5
3512	0
3513	7
3514	10
3515	11
3516	3
3517	3
3518	6
3519	10
3520	3
3521	11
3522	8
3523	12
3524	6
3525	4
3526	4
3527	7
3528	3
3529	11
3530	12
3531	12
3532	0
3533	13
3534	10
3535	4
3536	2
3537	12
3538	3
3539	8
3540	7
3541	8
3542	13
3543	3
3544	11
3545	9
3546	13
3547	4
3548	12
3549	11
3550	0
3551	1
3552	1
3553	6
3554	1
3555	10
3556	3
3557	2
3558	5
3559	10
3560	1
3561	13
3562	0
3563	6
3564	2
3565	3
3566	0
3567	11
3568	6
3569	11
3570	0
3571	12
3572	5
3573	8
3574	12
3575	3
3576	2
3577	4
3578	12
3579	10
3580	4
3581	6
3582	1
3583	5
3584	13
3585	5
3586	5
3587	8
3588	8
3589	3
3590	1
3591	11
3592	11
3593	5
3594	10
3595	11
3596	4
3597	11
3598	4
3599	5
3600	6
3601	4
3602	4
3603	3
3604	4
3605	2
3606	4
3607	8
3608	3
3609	5
3610	13
3611	5
3612	12
3613	7
3614	3
3615	2
3616	7
3617	11
3618	10
3619	4
3620	12
3621	11
3622	8
3623	12
3624	1
3625	1
3626	5
3627	10
3628	2
3629	9
3630	0
3631	1
3632	9
3633	2
3634	12
3635	7
3636	1
3637	1
3638	9
3639	2
3640	5
3641	2
3642	0
3643	2
3644	8
3645	3
3646	3
3647	6
3648	3
3649	8
3650	11
3651	13
3652	0
3653	5
3654	12
3655	13
3656	8
3657	0
3658	10
3659	10
3660	6
3661	10
3662	3
3663	7
3664	10
3665	11
3666	0
3667	4
3668	3
3669	2
3670	4
3671	2
3672	2
3673	0
3674	1
3675	9
3676	6
3677	4
3678	7
3679	10
3680	1
3681	3
3682	4
3683	10
3684	1
3685	10
3686	3
3687	6
3688	13
3689	7
3690	6
3691	6
3692	9
3693	1
3694	11
3695	5
3696	7
3697	3
3698	7
3699	1
3700	3
3701	11
3702	1
3703	3
3704	8
3705	7
3706	9
3707	0
3708	3
3709	12
3710	7
3711	10
3712	0
3713	6
3714	13
3715	5
3716	11
3717	10
3718	5
3719	2
3720	1
3721	9
3722	8
3723	5
3724	11
3725	3
3726	12
3727	11
3728	1
3729	6
3730	0
3731	13
3732	9
3733	11
3734	5
3735	2
3736	10
3737	6
3738	6
3739	4
3740	13
3741	2
3742	7
3743	9
3744	9
3745	9
3746	9
3747	1
3748	7
3749	9
3750	0
3751	9
3752	3
3753	4
3754	13
3755	12
3756	12
3757	11
3758	8
3759	11
3760	13
3761	2
3762	7
3763	3
3764	1
3765	0
3766	11
3767	5
3768	1
3769	7
3770	1
3771	7
3772	0
3773	13
3774	0
3775	3
3776	10
3777	12
3778	12
3779	2
3780	6
3781	2
3782	0
3783	8
3784	13
3785	9
3786	10
3787	13
3788	6
3789	2
3790	6
3791	3
3792	7
3793	8
3794	10
3795	5
3796	11
3797	7
3798	1
3799	12
3800	12
3801	13
3802	9
3803	3
3804	1
3805	11
3806	10
3807	1
3808	12
3809	9
3810	2
3811	6
3812	0
3813	3
3814	6
3815	13
3816	13
3817	1
3818	4
3819	10
3820	2
3821	0
3822	5
3823	13
3824	8
3825	11
3826	13
3827	1
3828	13
3829	12
3830	0
3831	11
3832	5
3833	10
3834	12
3835	7
3836	0
3837	7
3838	6
3839	1
3840	13
3841	8
3842	6
3843	3
3844	1
3845	7
3846	12
3847	1
3848	5
3849	6
3850	12
3851	4
3852	12
3853	6
3854	6
3855	12
3856	6
3857	10
3858	5
3859	4
3860	11
3861	5
3862	2
3863	10
3864	1
3865	1
3866	9
3867	13
3868	2
3869	3
3870	0
3871	10
3872	0
3873	8
3874	11
3875	0
3876	12
3877	0
3878	0
3879	2
3880	12
3881	8
3882	2
3883	3
3884	10
3885	1
3886	9
3887	0
3888	0
3889	10
3890	0
3891	11
3892	7
3893	9
3894	13
3895	6
3896	4
3897	10
3898	9
3899	12
3900	1
3901	10
3902	1
3903	11
3904	5
3905	6
3906	3
3907	8
3908	9
3909	12
3910	1
3911	7
3912	6
3913	13
3914	13
3915	11
3916	10
3917	1
3918	1
3919	13
3920	7
3921	7
3922	0
3923	0
3924	6
3925	10
3926	6
3927	0
3928	0
3929	12
3930	5
3931	4
3932	1
3933	6
3934	13
3935	11
3936	12
3937	3
3938	4
3939	13
3940	4
3941	6
3942	13
3943	2
3944	9
3945	8
3946	7
3947	2
3948	0
3949	12
3950	5
3951	4
3952	1
3953	7
3954	10
3955	2
3956	4
3957	0
3958	3
3959	1
3960	11
3961	6
3962	6
3963	0
3964	7
3965	9
3966	9
3967	11
3968	8
3969	1
3970	13
3971	10
3972	7
3973	3
3974	2
3975	3
3976	3
3977	0
3978	9
3979	8
3980	12
3981	3
3982	4
3983	12
3984	6
3985	7
3986	7
3987	12
3988	12
3989	13
3990	13
3991	8
3992	10
3993	11
3994	0
3995	12
3996	12
3997	12
3998	6
3999	3
4000	6
4001	2
4002	6
4003	0
4004	8
4005	1
4006	13
4007	0
4008	4
4009	1
4010	1
4011	12
4012	1
4013	9
4014	0
4015	7
4016	4
4017	3
4018	9
4019	3
4020	8
4021	11
4022	11
4023	10
4024	12
4025	1
4026	11
4027	2
4028	4
4029	11
4030	6
4031	12
4032	10
4033	11
4034	8
4035	1
4036	4
4037	4
4038	11
4039	3
4040	13
4041	7
4042	8
4043	13
4044	4
4045	10
4046	1
4047	6
4048	10
4049	9
4050	5
4051	7
4052	3
4053	1
4054	8
4055	7
4056	4
4057	5
4058	10
4059	6
4060	6
4061	8
4062	6
4063	6
4064	5
4065	1
4066	1
4067	9
4068	5
4069	13
4070	4
4071	10
4072	13
4073	2
4074	2
4075	9
4076	2
4077	3
4078	10
4079	12
4080	0
4081	1
4082	4
4083	8
4084	2
4085	3
4086	5
4087	13
4088	1
4089	3
4090	10
4091	8
4092	8
4093	0
4094	11
4095	4
4096	11
4097	12
4098	12
4099	2
4100	8
4101	9
4102	10
4103	6
4104	10
4105	5
4106	1
4107	1
4108	8
4109	2
4110	7
4111	10
4112	1
4113	3
4114	10
4115	5
4116	1
4117	12
4118	8
4119	0
4120	12
4121	10
4122	11
4123	5
4124	8
4125	8
4126	10
4127	2
4128	1
4129	13
4130	0
4131	1
4132	9
4133	6
4134	4
4135	5
4136	12
4137	10
4138	1
4139	10
4140	5
4141	1
4142	7
4143	8
4144	1
4145	2
4146	9
4147	6
4148	5
4149	9
4150	8
4151	7
4152	5
4153	13
4154	0
4155	6
4156	9
4157	10
4158	2
4159	10
4160	13
4161	5
4162	0
4163	0
4164	0
4165	11
4166	1
4167	7
4168	2
4169	1
4170	11
4171	1
4172	9
4173	8
4174	7
4175	5
4176	6
4177	0
4178	13
4179	0
4180	5
4181	7
4182	11
4183	8
4184	8
4185	9
4186	13
4187	2
4188	7
4189	13
4190	7
4191	13
4192	0
4193	3
4194	13
4195	12
4196	12
4197	5
4198	3
4199	0
4200	7
4201	8
4202	10
4203	2
4204	4
4205	5
4206	2
4207	3
4208	9
4209	13
4210	5
4211	2
4212	7
4213	10
4214	3
4215	6
4216	4
4217	1
4218	12
4219	0
4220	13
4221	1
4222	13
4223	1
4224	9
4225	1
4226	10
4227	9
4228	3
4229	4
4230	4
4231	0
4232	6
4233	0
4234	4
4235	2
4236	13
4237	11
4238	12
4239	3
4240	1
4241	1
4242	7
4243	9
4244	0
4245	12
4246	11
4247	0
4248	6
4249	4
4250	0
4251	9
4252	8
4253	5
4254	9
4255	3
4256	10
4257	13
4258	10
4259	6
4260	3
4261	5
4262	2
4263	0
4264	10
4265	2
4266	9
4267	4
4268	0
4269	0
4270	2
4271	11
4272	0
4273	4
4274	3
4275	0
4276	1
4277	6
4278	3
4279	8
4280	13
4281	8
4282	5
4283	9
4284	3
4285	0
4286	7
4287	8
4288	4
4289	0
4290	5
4291	8
4292	7
4293	12
4294	3
4295	13
4296	12
4297	3
4298	13
4299	6
4300	8
4301	0
4302	0
4303	11
4304	8
4305	9
4306	5
4307	10
4308	4
4309	13
4310	5
4311	1
4312	5
4313	0
4314	6
4315	9
4316	8
4317	8
4318	0
4319	6
4320	5
4321	9
4322	8
4323	5
4324	6
4325	5
4326	11
4327	8
4328	6
4329	3
4330	10
4331	7
4332	1
4333	1
4334	9
4335	6
4336	5
4337	9
4338	4
4339	1
4340	7
4341	3
4342	10
4343	13
4344	2
4345	2
4346	3
4347	10
4348	0
4349	3
4350	13
4351	10
4352	11
4353	13
4354	8
4355	7
4356	5
4357	3
4358	6
4359	7
4360	11
4361	3
4362	0
4363	8
4364	7
4365	4
4366	1
4367	1
4368	4
4369	10
4370	4
4371	9
4372	2
4373	13
4374	0
4375	5
4376	13
4377	6
4378	8
4379	4
4380	10
4381	0
4382	7
4383	0
4384	6
4385	6
4386	10
4387	4
4388	1
4389	4
4390	6
4391	8
4392	1
4393	9
4394	11
4395	1
4396	12
4397	5
4398	8
4399	4
4400	3
4401	13
4402	9
4403	9
4404	12
4405	4
4406	9
4407	3
4408	0
4409	12
4410	7
4411	0
4412	10
4413	8
4414	9
4415	8
4416	2
4417	12
4418	2
4419	2
4420	8
4421	9
4422	2
4423	7
4424	1
4425	13
4426	11
4427	9
4428	13
4429	5
4430	7
4431	2
4432	2
4433	11
4434	7
4435	10
4436	12
4437	9
4438	3
4439	7
4440	8
4441	10
4442	4
4443	10
4444	12
4445	6
4446	11
4447	5
4448	9
4449	10
4450	5
4451	10
4452	0
4453	9
4454	13
4455	5
4456	13
4457	1
4458	3
4459	6
4460	7
4461	7
4462	10
4463	5
4464	1
4465	6
4466	9
4467	11
4468	5
4469	0
4470	9
4471	8
4472	11
4473	13
4474	3
4475	12
4476	12
4477	5
4478	3
4479	11
4480	11
4481	4
4482	13
4483	1
4484	10
4485	9
4486	13
4487	2
4488	13
4489	6
4490	4
4491	1
4492	3
4493	12
4494	8
4495	12
4496	11
4497	2
4498	6
4499	12
4500	9
4501	12
4502	2
4503	12
4504	0
4505	5
4506	9
4507	3
4508	8
4509	9
4510	7
4511	10
4512	9
4513	6
4514	12
4515	1
4516	1
4517	12
4518	1
4519	6
4520	0
4521	12
4522	6
4523	13
4524	12
4525	12
4526	1
4527	6
4528	12
4529	6
4530	5
4531	0
4532	12
4533	0
4534	5
4535	13
4536	9
4537	0
4538	3
4539	7
4540	4
4541	7
4542	4
4543	7
4544	1
4545	12
4546	3
4547	6
4548	10
4549	1
4550	13
4551	8
4552	4
4553	13
4554	4
4555	8
4556	7
4557	13
4558	1
4559	8
4560	1
4561	13
4562	5
4563	8
4564	2
4565	9
4566	6
4567	3
4568	8
4569	6
4570	10
4571	9
4572	8
4573	0
4574	2
4575	10
4576	11
4577	0
4578	5
4579	13
4580	1
4581	5
4582	9
4583	5
4584	5
4585	6
4586	6
4587	11
4588	12
4589	1
4590	2
4591	6
4592	0
4593	5
4594	11
4595	3
4596	7
4597	5
4598	9
4599	4
4600	0
4601	6
4602	12
4603	6
4604	3
4605	1
4606	8
4607	5
4608	13
4609	13
4610	2
4611	0
4612	5
4613	5
4614	9
4615	13
4616	1
4617	6
4618	4
4619	8
4620	12
4621	5
4622	9
4623	7
4624	2
4625	0
4626	1
4627	12
4628	11
4629	12
4630	4
4631	8
4632	11
4633	4
4634	13
4635	12
4636	7
4637	0
4638	2
4639	6
4640	11
4641	2
4642	4
4643	1
4644	0
4645	8
4646	11
4647	12
4648	9
4649	5
4650	12
4651	5
4652	5
4653	7
4654	13
4655	12
4656	9
4657	3
4658	1
4659	9
4660	2
4661	1
4662	3
4663	7
4664	7
4665	6
4666	13
4667	0
4668	9
4669	9
4670	5
4671	5
4672	4
4673	12
4674	0
4675	10
4676	7
4677	9
4678	3
4679	2
4680	12
4681	1
4682	2
4683	13
4684	6
4685	8
4686	10
4687	2
4688	8
4689	12
4690	6
4691	6
4692	5
4693	7
4694	7
4695	12
4696	0
4697	9
4698	6
4699	9
4700	0
4701	6
4702	9
4703	8
4704	9
4705	2
4706	8
4707	0
4708	8
4709	4
4710	9
4711	5
4712	12
4713	11
4714	5
4715	11
4716	9
4717	10
4718	12
4719	1
4720	7
4721	7
4722	4
4723	11
4724	7
4725	12
4726	6
4727	3
4728	1
4729	10
4730	10
4731	5
4732	11
4733	10
4734	9
4735	13
4736	7
4737	3
4738	3
4739	4
4740	0
4741	3
4742	9
4743	12
4744	5
4745	8
4746	12
4747	7
4748	2
4749	10
4750	11
4751	4
4752	2
4753	10
4754	0
4755	0
4756	0
4757	8
4758	12
4759	9
4760	1
4761	4
4762	7
4763	10
4764	8
4765	4
4766	11
4767	12
4768	0
4769	9
4770	13
4771	13
4772	10
4773	8
4774	4
4775	6
4776	1
4777	6
4778	13
4779	10
4780	8
4781	1
4782	8
4783	3
4784	4
4785	12
4786	3
4787	2
4788	4
4789	12
4790	4
4791	10
4792	7
4793	0
4794	6
4795	6
4796	7
4797	0
4798	5
4799	3
4800	3
4801	3
4802	13
4803	0
4804	8
4805	5
4806	13
4807	0
4808	2
4809	2
4810	11
4811	3
4812	11
4813	13
4814	11
4815	0
4816	9
4817	3
4818	9
4819	7
4820	8
4821	6
4822	5
4823	8
4824	2
4825	1
4826	3
4827	5
4828	4
4829	8
4830	0
4831	4
4832	10
4833	12
4834	12
4835	6
4836	8
4837	9
4838	2
4839	3
4840	9
4841	1
4842	6
4843	11
4844	4
4845	9
4846	2
4847	11
4848	6
4849	0
4850	2
4851	10
4852	11
4853	1
4854	8
4855	10
4856	7
4857	4
4858	1
4859	12
4860	7
4861	2
4862	11
4863	3
4864	0
4865	5
4866	11
4867	8
4868	12
4869	2
4870	8
4871	3
4872	13
4873	8
4874	12
4875	11
4876	11
4877	11
4878	10
4879	6
4880	1
4881	2
4882	4
4883	6
4884	0
4885	8
4886	0
4887	6
4888	11
4889	10
4890	0
4891	7
4892	6
4893	4
4894	0
4895	3
4896	4
4897	4
4898	2
4899	6
4900	6
4901	10
4902	13
4903	11
4904	5
4905	8
4906	5
4907	9
4908	1
4909	7
4910	11
4911	6
4912	3
4913	8
4914	4
4915	2
4916	0
4917	4
4918	2
4919	2
4920	9
4921	7
4922	12
4923	3
4924	3
4925	13
4926	9
4927	0
4928	3
4929	13
4930	2
4931	9
4932	6
4933	9
4934	12
4935	13
4936	7
4937	7
4938	2
4939	12
4940	6
4941	2
4942	13
4943	7
4944	9
4945	13
4946	4
4947	11
4948	13
4949	11
4950	9
4951	3
4952	12
4953	13
4954	13
4955	3
4956	6
4957	8
4958	6
4959	7
4960	0
4961	3
4962	10
4963	6
4964	12
4965	13
4966	3
4967	8
4968	2
4969	2
4970	12
4971	10
4972	12
4973	7
4974	10
4975	4
4976	0
4977	3
4978	6
4979	12
4980	12
4981	11
4982	2
4983	9
4984	3
4985	2
4986	4
4987	11
4988	6
4989	5
4990	9
4991	13
4992	3
4993	11
4994	8
4995	9
4996	11
4997	8
4998	4
4999	4
5000	7
5001	12
5002	7
5003	12
5004	8
5005	11
5006	5
5007	6
5008	10
5009	2
5010	6
5011	10
5012	11
5013	13
5014	7
5015	3
5016	11
5017	1
5018	2
5019	6
5020	9
5021	12
5022	9
5023	2
5024	12
5025	3
5026	1
5027	10
5028	8
5029	6
5030	3
5031	1
5032	5
5033	6
5034	13
5035	3
5036	7
5037	1
5038	2
5039	9
5040	11
5041	2
5042	13
5043	10
5044	11
5045	0
5046	7
5047	10
5048	1
5049	13
5050	10
5051	11
5052	3
5053	4
5054	8
5055	9
5056	13
5057	2
5058	13
5059	5
5060	7
5061	10
5062	1
5063	4
5064	0
5065	0
5066	9
5067	12
5068	5
5069	10
5070	12
5071	13
5072	3
5073	11
5074	0
5075	7
5076	11
5077	5
5078	10
5079	13
5080	3
5081	12
5082	13
5083	12
5084	10
5085	10
5086	13
5087	0
5088	7
5089	12
5090	7
5091	6
5092	3
5093	1
5094	1
5095	5
5096	10
5097	4
5098	5
5099	11
5100	9
5101	7
5102	8
5103	12
5104	7
5105	8
5106	10
5107	7
5108	0
5109	12
5110	1
5111	5
5112	4
5113	8
5114	8
5115	10
5116	9
5117	11
5118	11
5119	11
5120	8
5121	4
5122	11
5123	13
5124	13
5125	3
5126	0
5127	10
5128	3
5129	4
5130	4
5131	0
5132	1
5133	2
5134	10
5135	1
5136	9
5137	6
5138	1
5139	3
5140	6
5141	8
5142	12
5143	2
5144	13
5145	12
5146	8
5147	8
5148	13
5149	3
5150	13
5151	9
5152	0
5153	13
5154	0
5155	11
5156	5
5157	0
5158	9
5159	4
5160	11
5161	6
5162	8
5163	9
5164	5
5165	4
5166	9
5167	7
5168	11
5169	3
5170	10
5171	10
5172	2
5173	5
5174	0
5175	10
5176	9
5177	0
5178	10
5179	2
5180	8
5181	4
5182	4
5183	6
5184	6
5185	10
5186	13
5187	2
5188	0
5189	7
5190	2
5191	8
5192	2
5193	13
5194	7
5195	10
5196	5
5197	0
5198	2
5199	7
5200	6
5201	11
5202	6
5203	10
5204	10
5205	11
5206	12
5207	7
5208	1
5209	5
5210	13
5211	1
5212	5
5213	2
5214	9
5215	2
5216	0
5217	7
5218	8
5219	1
5220	5
5221	1
5222	9
5223	11
5224	5
5225	7
5226	10
5227	4
5228	3
5229	11
5230	4
5231	5
5232	11
5233	9
5234	7
5235	6
5236	8
5237	0
5238	4
5239	13
5240	7
5241	3
5242	9
5243	0
5244	4
5245	10
5246	6
5247	3
5248	11
5249	6
5250	10
5251	1
5252	10
5253	8
5254	0
5255	9
5256	13
5257	1
5258	10
5259	2
5260	5
5261	10
5262	8
5263	4
5264	4
5265	1
5266	8
5267	9
5268	12
5269	1
5270	9
5271	10
5272	0
5273	10
5274	6
5275	9
5276	1
5277	7
5278	6
5279	0
5280	9
5281	3
5282	7
5283	11
5284	8
5285	12
5286	12
5287	8
5288	9
5289	4
5290	4
5291	2
5292	7
5293	10
5294	2
5295	6
5296	2
5297	7
5298	6
5299	5
5300	7
5301	3
5302	9
5303	13
5304	1
5305	13
5306	13
5307	1
5308	10
5309	12
5310	3
5311	11
5312	6
5313	10
5314	13
5315	8
5316	11
5317	2
5318	5
5319	1
5320	4
5321	0
5322	10
5323	2
5324	13
5325	7
5326	1
5327	10
5328	12
5329	8
5330	11
5331	2
5332	5
5333	5
5334	9
5335	3
5336	8
5337	12
5338	8
5339	1
5340	6
5341	9
5342	1
5343	1
5344	7
5345	1
5346	10
5347	6
5348	2
5349	3
5350	7
5351	12
5352	9
5353	12
5354	10
5355	9
5356	13
5357	11
5358	4
5359	5
5360	5
5361	0
5362	4
5363	4
5364	4
5365	2
5366	4
5367	3
5368	0
5369	1
5370	4
5371	2
5372	11
5373	8
5374	1
5375	2
5376	5
5377	10
5378	1
5379	13
5380	11
5381	1
5382	5
5383	11
5384	12
5385	2
5386	12
5387	0
5388	6
5389	12
5390	2
5391	10
5392	11
5393	5
5394	9
5395	11
5396	1
5397	10
5398	2
5399	6
5400	7
5401	10
5402	8
5403	4
5404	11
5405	9
5406	2
5407	7
5408	12
5409	6
5410	2
5411	0
5412	9
5413	11
5414	1
5415	5
5416	8
5417	12
5418	5
5419	8
5420	2
5421	8
5422	1
5423	13
5424	12
5425	3
5426	13
5427	13
5428	2
5429	13
5430	8
5431	11
5432	5
5433	7
5434	2
5435	6
5436	13
5437	5
5438	2
5439	2
5440	7
5441	6
5442	7
5443	6
5444	6
5445	4
5446	5
5447	0
5448	2
5449	5
5450	7
5451	0
5452	9
5453	3
5454	8
5455	8
5456	5
5457	5
5458	8
5459	1
5460	9
5461	7
5462	11
5463	1
5464	2
5465	1
5466	5
5467	12
5468	7
5469	13
5470	0
5471	13
5472	11
5473	13
5474	7
5475	7
5476	10
5477	5
5478	8
5479	9
5480	8
5481	3
5482	2
5483	4
5484	8
5485	5
5486	0
5487	0
5488	1
5489	11
5490	12
5491	0
5492	13
5493	5
5494	9
5495	7
5496	8
5497	9
5498	8
5499	6
5500	6
5501	9
5502	3
5503	9
5504	2
5505	1
5506	11
5507	3
5508	7
5509	11
5510	10
5511	6
5512	1
5513	12
5514	11
5515	9
5516	10
5517	10
5518	4
5519	8
5520	9
5521	6
5522	5
5523	3
5524	13
5525	13
5526	4
5527	10
5528	8
5529	2
5530	8
5531	5
5532	11
5533	5
5534	10
5535	0
5536	4
5537	13
5538	3
5539	1
5540	7
5541	5
5542	13
5543	10
5544	9
5545	0
5546	5
5547	6
5548	2
5549	0
5550	13
5551	9
5552	7
5553	3
5554	6
5555	8
5556	2
5557	3
5558	2
5559	11
5560	0
5561	1
5562	6
5563	1
5564	3
5565	7
5566	2
5567	12
5568	11
5569	8
5570	0
5571	6
5572	8
5573	2
5574	12
5575	5
5576	5
5577	10
5578	4
5579	8
5580	9
5581	5
5582	5
5583	2
5584	0
5585	13
5586	3
5587	3
5588	8
5589	10
5590	7
5591	13
5592	5
5593	0
5594	12
5595	2
5596	3
5597	3
5598	0
5599	7
5600	8
5601	0
5602	10
5603	3
5604	11
5605	3
5606	5
5607	8
5608	9
5609	2
5610	9
5611	7
5612	4
5613	12
5614	3
5615	5
5616	5
5617	13
5618	9
5619	9
5620	0
5621	3
5622	4
5623	9
5624	5
5625	11
5626	4
5627	3
5628	0
5629	4
5630	13
5631	7
5632	5
5633	3
5634	3
5635	11
5636	7
5637	9
5638	7
5639	8
5640	0
5641	0
5642	4
5643	13
5644	7
5645	5
5646	13
5647	7
5648	1
5649	10
5650	5
5651	13
5652	2
5653	13
5654	13
5655	3
5656	2
5657	8
5658	12
5659	5
5660	11
5661	8
5662	10
5663	10
5664	13
5665	4
5666	1
5667	12
5668	11
5669	9
5670	7
5671	7
5672	2
5673	7
5674	0
5675	12
5676	11
5677	0
5678	10
5679	6
5680	3
5681	2
5682	7
5683	8
5684	9
5685	3
5686	13
5687	5
5688	13
5689	7
5690	13
5691	9
5692	11
5693	3
5694	9
5695	10
5696	2
5697	8
5698	5
5699	10
5700	7
5701	1
5702	4
5703	6
5704	11
5705	0
5706	13
5707	0
5708	2
5709	8
5710	0
5711	7
5712	3
5713	8
5714	10
5715	4
5716	12
5717	1
5718	0
5719	12
5720	2
5721	4
5722	1
5723	1
5724	8
5725	2
5726	10
5727	9
5728	13
5729	7
5730	6
5731	10
5732	5
5733	4
5734	8
5735	6
5736	6
5737	6
5738	9
5739	12
5740	12
5741	0
5742	1
5743	2
5744	6
5745	4
5746	2
5747	6
5748	5
5749	1
5750	6
5751	8
5752	1
5753	0
5754	13
5755	11
5756	6
5757	3
5758	12
5759	6
5760	6
5761	2
5762	4
5763	7
5764	8
5765	5
5766	8
5767	11
5768	13
5769	6
5770	2
5771	6
5772	6
5773	3
5774	1
5775	11
5776	12
5777	2
5778	13
5779	10
5780	3
5781	10
5782	3
5783	12
5784	11
5785	8
5786	13
5787	0
5788	2
5789	11
5790	12
5791	1
5792	7
5793	6
5794	8
5795	9
5796	5
5797	4
5798	13
5799	6
5800	1
5801	0
5802	0
5803	4
5804	3
5805	2
5806	5
5807	1
5808	13
5809	10
5810	3
5811	1
5812	10
5813	13
5814	6
5815	8
5816	12
5817	12
5818	11
5819	4
5820	7
5821	5
5822	13
5823	0
5824	7
5825	5
5826	0
5827	7
5828	1
5829	13
5830	6
5831	10
5832	1
5833	12
5834	8
5835	5
5836	7
5837	6
5838	9
5839	12
5840	6
5841	11
5842	12
5843	0
5844	0
5845	5
5846	6
5847	7
5848	9
5849	0
5850	2
5851	9
5852	4
5853	9
5854	3
5855	2
5856	2
5857	10
5858	0
5859	10
5860	6
5861	4
5862	10
5863	2
5864	10
5865	9
5866	12
5867	11
5868	2
5869	2
5870	9
5871	9
5872	9
5873	3
5874	7
5875	1
5876	4
5877	3
5878	7
5879	2
5880	0
5881	12
5882	1
5883	3
5884	4
5885	4
5886	4
5887	13
5888	13
5889	3
5890	8
5891	12
5892	8
5893	4
5894	4
5895	12
5896	4
5897	10
5898	12
5899	7
5900	6
5901	1
5902	7
5903	2
5904	11
5905	3
5906	5
5907	10
5908	2
5909	10
5910	5
5911	8
5912	2
5913	12
5914	6
5915	8
5916	3
5917	11
5918	5
5919	6
5920	11
5921	2
5922	2
5923	1
5924	13
5925	8
5926	2
5927	1
5928	13
5929	9
5930	12
5931	7
5932	3
5933	10
5934	12
5935	13
5936	1
5937	8
5938	4
5939	10
5940	11
5941	13
5942	6
5943	7
5944	2
5945	12
5946	4
5947	5
5948	12
5949	3
5950	6
5951	13
5952	12
5953	2
5954	0
5955	13
5956	10
5957	5
5958	6
5959	0
5960	10
5961	7
5962	2
5963	10
5964	1
5965	10
5966	7
5967	6
5968	12
5969	5
5970	1
5971	11
5972	11
5973	0
5974	9
5975	12
5976	6
5977	5
5978	8
5979	2
5980	10
5981	11
5982	9
5983	0
5984	1
5985	6
5986	0
5987	4
5988	7
5989	11
5990	12
5991	8
5992	11
5993	5
5994	3
5995	10
5996	8
5997	6
5998	10
5999	0
6000	1
6001	0
6002	4
6003	9
6004	9
6005	1
6006	11
6007	10
6008	5
6009	5
6010	6
