0	3
1	2
2	4
3	7
4	3
5	10
6	4
7	1
8	12
9	12
10	6
11	8
12	7
13	1
14	9
15	9
16	10
17	11
18	3
19	13
20	11
21	12
22	13
23	5
24	4
25	13
26	11
27	6
28	2
29	2
30	8
31	6
32	6
33	4
34	7
35	3
36	10
37	10
38	0
39	12
40	10
41	4
42	11
43	11
44	4
45	10
46	6
47	5
48	12
49	4
50	10
51	13
52	11
53	7
54	13
55	5
56	0
57	2
58	7
59	3
60	11
61	10
62	2
63	9
64	7
65	13
66	7
67	7
68	13
69	11
70	8
71	12
72	3
73	4
74	2
75	2
76	3
77	9
78	12
79	5
80	9
81	5
82	3
83	10
84	6
85	10
86	1
87	9
88	3
89	11
90	7
91	9
92	1
93	5
94	12
95	4
96	7
97	10
98	1
99	6
100	3
101	11
102	12
103	12
104	0
105	6
106	2
107	9
108	2
109	0
110	3
111	0
112	13
113	4
114	2
115	6
116	13
117	12
118	11
119	3
120	12
121	9
122	0
123	5
124	1
125	7
126	2
127	5
128	13
129	12
130	8
131	0
132	10
133	3
134	13
135	7
136	0
137	13
138	8
139	13
140	5
141	7
142	10
143	6
144	3
145	4
146	3
147	0
148	6
149	10
150	11
151	10
152	12
153	4
154	4
155	11
156	13
157	4
158	10
159	1
160	6
161	2
162	9
163	11
164	8
165	9
166	7
167	4
168	4
169	2
170	13
171	2
172	1
173	2
174	12
175	0
176	9
177	0
178	2
179	9
180	13
181	8
182	13
183	5
184	0
185	2
186	12
187	10
188	8
189	3
190	5
191	3
192	13
193	9
194	4
195	6
196	8
197	6
198	5
199	5
200	2
201	4
202	12
203	0
204	4
205	2
206	5
207	4
208	9
209	11
210	13
211	2
212	10
213	7
214	12
215	7
216	3
217	0
218	10
219	11
220	5
221	11
222	11
223	9
224	8
225	2
226	5
227	9
228	9
229	10
230	13
231	4
232	1
233	6
234	2
235	12
236	2
237	10
238	10
239	1
240	2
241	9
242	4
243	8
244	7
245	3
246	5
247	12
248	8
249	8
250	10
251	4
252	1
253	3
254	11
255	12
256	3
257	9
258	1
259	3
260	5
261	13
262	8
263	6
264	0
265	3
266	2
267	11
268	8
269	1
270	8
271	5
272	5
273	7
274	10
275	10
276	13
277	10
278	1
279	3
280	12
281	8
282	13
283	8
284	8
285	11
286	3
287	9
288	3
289	4
290	8
291	6
292	2
293	3
294	4
295	10
296	13
297	4
298	11
299	4
300	3
301	9
302	5
303	2
304	3
305	2
306	1
307	7
308	6
309	9
310	11
311	8
312	8
313	2
314	6
315	10
316	2
317	10
318	10
319	9
320	0
321	12
322	4
323	12
324	11
325	5
326	7
327	4
328	3
329	2
330	9
331	0
332	6
333	6
334	13
335	0
336	6
337	7
338	5
339	1
340	0
341	13
342	5
343	2
344	6
345	7
346	2
347	1
348	6
349	10
350	9
351	10
352	12
353	0
354	4
355	1
356	7
357	6
358	2
359	2
360	8
361	4
362	2
363	0
364	9
365	5
366	4
367	13
368	0
369	2
370	3
371	5
372	12
373	2
374	1
375	1
376	3
377	6
378	7
379	11
380	13
381	5
382	2
383	9
384	10
385	4
386	1
387	13
388	5
389	6
390	9
391	10
392	10
393	4
394	10
395	2
396	2
397	5
398	8
399	7
400	10
401	5
402	8
403	9
404	0
405	8
406	0
407	7
408	13
409	6
410	10
411	12
412	13
413	12
414	6
415	12
416	9
417	4
418	0
419	7
420	1
421	8
422	6
423	3
424	1
425	0
426	1
427	6
428	0
429	4
430	2
431	9
432	1
433	8
434	4
435	3
436	2
437	9
438	9
439	10
440	3
441	4
442	6
443	8
444	7
445	2
446	1
447	12
448	0
449	4
450	9
451	2
452	11
453	5
454	3
455	10
456	4
457	8
458	0
459	2
460	2
461	1
462	8
463	0
464	10
465	5
466	12
467	13
468	2
469	8
470	10
471	8
472	8
473	0
474	8
475	0
476	10
477	0
478	9
479	9
480	2
481	12
482	10
483	1
484	2
485	7
486	9
487	12
488	4
489	4
490	2
491	5
492	5
493	4
494	11
495	6
496	0
497	2
498	13
499	7
500	0
501	5
502	12
503	5
504	9
505	0
506	1
507	2
508	5
509	13
510	13
511	13
512	9
513	7
514	9
515	8
516	11
517	8
518	3
519	2
520	5
521	0
522	8
523	13
524	3
525	3
526	11
527	6
528	3
529	6
530	9
531	0
532	1
533	13
534	2
535	1
536	5
537	11
538	7
539	11
540	5
541	10
542	9
543	13
544	9
545	11
546	0
547	6
548	11
549	5
550	9
551	1
552	9
553	7
554	4
555	9
556	0
557	9
558	8
559	3
560	5
561	5
562	4
563	8
564	3
565	5
566	12
567	11
568	8
569	0
570	2
571	3
572	11
573	1
574	13
575	2
576	5
577	11
578	2
579	8
580	5
581	8
582	1
583	7
584	12
585	4
586	2
587	2
588	2
589	11
590	9
591	11
592	2
593	10
594	13
595	5
596	12
597	7
598	0
599	6
600	11
601	6
602	11
603	13
604	9
605	8
606	9
607	2
608	0
609	0
610	2
611	13
612	10
613	4
614	10
615	13
616	5
617	1
618	2
619	12
620	0
621	7
622	10
623	5
624	4
625	5
626	9
627	6
628	11
629	9
630	11
631	13
632	10
633	7
634	13
635	11
636	10
637	7
638	3
639	6
640	0
641	1
642	0
643	10
644	3
645	1
646	6
647	11
648	7
649	10
650	9
651	11
652	6
653	10
654	5
655	6
656	5
657	12
658	13
659	7
660	13
661	6
662	13
663	8
664	4
665	4
666	0
667	12
668	3
669	13
670	1
671	2
672	3
673	1
674	11
675	6
676	7
677	9
678	11
679	1
680	2
681	12
682	6
683	0
684	10
685	10
686	3
687	7
688	3
689	5
690	3
691	9
692	9
693	1
694	6
695	10
696	6
697	5
698	2
699	1
700	4
701	0
702	1
703	3
704	5
705	13
706	11
707	4
708	12
709	9
710	10
711	12
712	10
713	1
714	9
715	9
716	11
717	6
718	1
719	13
720	10
721	7
722	10
723	8
724	4
725	11
726	10
727	13
728	12
729	1
730	5
731	1
732	11
733	4
734	7
735	11
736	4
737	5
738	3
739	7
740	3
741	1
742	1
743	12
744	0
745	3
746	0
747	13
748	9
749	8
750	7
751	2
752	8
753	5
754	13
755	8
756	0
757	4
758	5
759	12
760	5
761	0
762	0
763	0
764	5
765	9
766	3
767	3
768	2
769	12
770	6
771	3
772	0
773	9
774	7
775	6
776	9
777	1
778	8
779	11
780	4
781	5
782	11
783	10
784	8
785	9
786	2
787	13
788	2
789	9
790	10
791	3
792	13
793	13
794	5
795	10
796	2
797	6
798	12
799	2
800	8
801	7
802	1
803	11
804	3
805	4
806	3
807	12
808	7
809	0
810	8
811	7
812	1
813	10
814	0
815	3
816	8
817	13
818	8
819	8
820	8
821	5
822	6
823	3
824	11
825	2
826	9
827	12
828	8
829	1
830	4
831	12
832	13
833	3
834	12
835	13
836	1
837	3
838	0
839	3
840	0
841	2
842	1
843	12
844	3
845	9
846	8
847	2
848	10
849	4
850	6
851	1
852	6
853	4
854	1
855	7
856	2
857	2
858	13
859	0
860	8
861	3
862	2
863	6
864	6
865	8
866	3
867	5
868	12
869	0
870	4
871	13
872	0
873	7
874	13
875	3
876	10
877	8
878	11
879	6
880	5
881	8
882	3
883	5
884	13
885	12
886	7
887	12
888	8
889	8
890	9
891	2
892	8
893	2
894	5
895	1
896	11
897	0
898	3
899	12
900	9
901	6
902	2
903	10
904	1
905	12
906	3
907	12
908	0
909	7
910	4
911	13
912	13
913	11
914	8
915	2
916	1
917	2
918	6
919	12
920	12
921	5
922	9
923	5
924	0
925	0
926	9
927	13
928	5
929	6
930	7
931	11
932	12
933	13
934	1
935	6
936	8
937	10
938	10
939	2
940	13
941	1
942	10
943	3
944	10
945	0
946	11
947	1
948	7
949	9
950	13
951	12
952	10
953	0
954	13
955	8
956	1
957	10
958	6
959	5
960	3
961	11
962	11
963	10
964	2
965	6
966	7
967	7
968	13
969	9
970	13
971	12
972	13
973	12
974	3
975	10
976	10
977	4
978	5
979	8
980	12
981	0
982	10
983	8
984	13
985	13
986	3
987	1
988	2
989	2
990	5
991	3
992	5
993	6
994	5
995	10
996	8
997	12
998	9
999	8
1000	0
1001	11
1002	10
1003	8
1004	5
1005	4
1006	1
1007	7
1008	1
1009	12
1010	3
1011	5
1012	4
1013	0
1014	10
1015	12
1016	12
1017	9
1018	4
1019	3
1020	12
1021	11
1022	12
1023	13
1024	8
1025	12
1026	9
1027	6
1028	6
1029	9
1030	7
1031	7
1032	5
1033	6
1034	7
1035	8
1036	3
1037	7
1038	4
1039	5
1040	1
1041	2
1042	4
1043	12
1044	3
1045	10
1046	10
1047	13
1048	12
1049	1
1050	12
1051	0
1052	2
1053	3
1054	10
1055	4
1056	3
1057	8
1058	12
1059	12
1060	9
1061	7
1062	6
1063	8
1064	3
1065	13
1066	10
1067	12
1068	13
1069	1
1070	7
1071	12
1072	13
1073	9
1074	8
1075	13
1076	2
1077	4
1078	1
1079	0
1080	8
1081	11
1082	9
1083	9
1084	11
1085	10
1086	11
1087	13
1088	11
1089	0
1090	10
1091	13
1092	6
1093	12
1094	12
1095	7
1096	13
1097	11
1098	3
1099	9
1100	8
1101	1
1102	5
1103	10
1104	2
1105	10
1106	8
1107	4
1108	4
1109	0
1110	10
1111	5
1112	0
1113	5
1114	7
1115	0
1116	3
1117	7
1118	10
1119	4
1120	11
1121	4
1122	12
1123	13
1124	6
1125	5
1126	7
1127	3
1128	3
1129	3
1130	7
1131	0
1132	6
1133	6
1134	3
1135	3
1136	11
1137	12
1138	10
1139	8
1140	10
1141	0
1142	10
1143	11
1144	4
1145	2
1146	10
1147	5
1148	12
1149	9
1150	1
1151	4
1152	1
1153	8
1154	7
1155	12
1156	8
1157	2
1158	5
1159	12
1160	13
1161	10
1162	10
1163	2
1164	2
1165	8
1166	4
1167	2
1168	4
1169	2
1170	13
1171	3
1172	2
1173	11
1174	0
1175	12
1176	8
1177	12
1178	1
1179	12
1180	7
1181	2
1182	9
1183	9
1184	5
1185	11
1186	10
1187	5
1188	8
1189	10
1190	13
1191	9
1192	1
1193	2
1194	7
1195	2
1196	7
1197	3
1198	7
1199	7
1200	12
1201	13
1202	11
1203	8
1204	8
1205	5
1206	12
1207	6
1208	9
1209	11
1210	6
1211	5
1212	12
1213	10
1214	4
1215	0
1216	6
1217	2
1218	3
1219	13
1220	5
1221	1
1222	12
1223	5
1224	3
1225	8
1226	7
1227	6
1228	4
1229	2
1230	9
1231	10
1232	8
1233	3
1234	13
1235	4
1236	1
1237	13
1238	2
1239	10
1240	2
1241	12
1242	7
1243	5
1244	7
1245	2
1246	1
1247	12
1248	5
1249	6
1250	10
1251	4
1252	2
1253	12
1254	10
1255	6
1256	6
1257	4
1258	2
1259	8
1260	11
1261	10
1262	2
1263	6
1264	0
1265	10
1266	1
1267	10
1268	12
1269	13
1270	6
1271	7
1272	5
1273	6
1274	13
1275	3
1276	2
1277	6
1278	3
1279	1
1280	5
1281	5
1282	1
1283	7
1284	1
1285	3
1286	4
1287	8
1288	9
1289	6
1290	5
1291	9
1292	6
1293	7
1294	1
1295	0
1296	11
1297	1
1298	12
1299	13
1300	9
1301	10
1302	9
1303	13
1304	6
1305	13
1306	7
1307	3
1308	12
1309	10
1310	0
1311	5
1312	5
1313	1
1314	13
1315	6
1316	0
1317	10
1318	5
1319	11
1320	1
1321	1
1322	7
1323	4
1324	1
1325	4
1326	11
1327	6
1328	6
1329	1
1330	0
1331	9
1332	8
1333	0
1334	8
1335	0
1336	2
1337	6
1338	10
1339	10
1340	11
1341	4
1342	7
1343	6
1344	10
1345	12
1346	11
1347	3
1348	1
1349	9
1350	12
1351	4
1352	10
1353	1
1354	2
1355	12
1356	6
1357	6
1358	1
1359	13
1360	8
1361	5
1362	6
1363	5
1364	4
1365	7
1366	13
1367	8
1368	1
1369	5
1370	5
1371	6
1372	4
1373	3
1374	11
1375	7
1376	9
1377	5
1378	9
1379	13
1380	7
1381	2
1382	3
1383	1
1384	6
1385	0
1386	9
1387	7
1388	7
1389	10
1390	9
1391	2
1392	1
1393	8
1394	7
1395	12
1396	11
1397	10
1398	4
1399	2
1400	4
1401	2
1402	7
1403	4
1404	1
1405	11
1406	4
1407	13
1408	12
1409	7
1410	2
1411	12
1412	11
1413	10
1414	1
1415	3
1416	13
1417	2
1418	6
1419	2
1420	6
1421	8
1422	7
1423	0
1424	13
1425	4
1426	4
1427	11
1428	12
1429	2
1430	13
1431	9
1432	0
1433	6
1434	2
1435	13
1436	1
1437	7
1438	3
1439	1
1440	12
1441	4
1442	7
1443	2
1444	6
1445	0
1446	6
1447	6
1448	4
1449	3
1450	13
1451	6
1452	7
1453	12
1454	7
1455	8
1456	0
1457	12
1458	11
1459	11
1460	1
1461	3
1462	3
1463	3
1464	6
1465	3
1466	13
1467	6
1468	9
1469	2
1470	11
1471	6
1472	9
1473	1
1474	9
1475	10
1476	10
1477	8
1478	9
1479	11
1480	13
1481	12
1482	10
1483	7
1484	12
1485	11
1486	5
1487	1
1488	1
1489	5
1490	11
1491	9
1492	0
1493	0
1494	1
1495	2
1496	7
1497	4
1498	13
1499	10
1500	0
1501	2
1502	13
1503	5
1504	10
1505	10
1506	3
1507	0
1508	3
1509	8
1510	10
1511	9
1512	9
1513	1
1514	2
1515	3
1516	10
1517	6
1518	3
1519	12
1520	5
1521	13
1522	4
1523	8
1524	2
1525	9
1526	4
1527	7
1528	8
1529	3
1530	2
1531	10
1532	8
1533	3
1534	5
1535	8
1536	13
1537	10
1538	4
1539	8
1540	2
1541	8
1542	4
1543	6
1544	12
1545	5
1546	9
1547	5
1548	3
1549	4
1550	3
1551	13
1552	3
1553	13
1554	12
1555	12
1556	7
1557	3
1558	10
1559	0
1560	0
1561	0
1562	4
1563	7
1564	3
1565	1
1566	10
1567	13
1568	8
1569	9
1570	2
1571	0
1572	4
1573	10
1574	11
1575	2
1576	8
1577	2
1578	5
1579	11
1580	2
1581	11
1582	1
1583	10
1584	0
1585	5
1586	2
1587	12
1588	0
1589	5
1590	11
1591	1
1592	0
1593	13
1594	6
1595	11
1596	9
1597	10
1598	4
1599	1
1600	6
1601	10
1602	8
1603	9
1604	8
1605	3
1606	13
1607	13
1608	4
1609	0
1610	8
1611	3
1612	10
1613	4
1614	6
1615	10
1616	0
1617	4
1618	11
1619	11
1620	0
1621	5
1622	2
1623	8
1624	0
1625	5
1626	11
1627	11
1628	12
1629	7
1630	11
1631	1
1632	8
1633	6
1634	3
1635	12
1636	11
1637	1
1638	12
1639	13
1640	6
1641	8
1642	5
1643	9
1644	2
1645	1
1646	2
1647	5
1648	4
1649	3
1650	5
1651	8
1652	9
1653	12
1654	9
1655	8
1656	10
1657	6
1658	7
1659	12
1660	5
1661	4
1662	3
1663	10
1664	10
1665	1
1666	10
1667	3
1668	13
1669	7
1670	4
1671	0
1672	2
1673	9
1674	9
1675	2
1676	0
1677	8
1678	13
1679	6
1680	4
1681	2
1682	9
1683	8
1684	2
1685	9
1686	10
1687	12
1688	13
1689	10
1690	9
1691	6
1692	8
1693	5
1694	7
1695	1
1696	13
1697	13
1698	4
1699	6
1700	13
1701	12
1702	6
1703	12
1704	4
1705	6
1706	0
1707	7
1708	6
1709	9
1710	12
1711	13
1712	5
1713	0
1714	13
1715	0
1716	1
1717	5
1718	8
1719	2
1720	3
1721	8
1722	6
1723	10
1724	13
1725	3
1726	12
1727	1
1728	10
1729	0
1730	6
1731	13
1732	11
1733	9
1734	11
1735	6
1736	7
1737	5
1738	12
1739	0
1740	11
1741	3
1742	2
1743	4
1744	12
1745	7
1746	3
1747	1
1748	4
1749	12
1750	1
1751	11
1752	4
1753	4
1754	10
1755	6
1756	9
1757	12
1758	6
1759	10
1760	5
1761	1
1762	11
1763	12
1764	13
1765	1
1766	1
1767	12
1768	6
1769	1
1770	6
1771	3
1772	4
1773	9
1774	1
1775	5
1776	2
1777	11
1778	5
1779	12
1780	0
1781	11
1782	4
1783	12
1784	7
1785	12
1786	6
1787	2
1788	12
1789	5
1790	5
1791	9
1792	10
1793	13
1794	13
1795	6
1796	1
1797	3
1798	0
1799	13
1800	5
1801	3
1802	4
1803	5
1804	13
1805	13
1806	0
1807	7
1808	0
1809	7
1810	13
1811	7
1812	3
1813	8
1814	2
1815	1
1816	5
1817	8
1818	1
1819	9
1820	7
1821	6
1822	6
1823	9
1824	5
1825	7
1826	6
1827	6
1828	12
1829	13
1830	13
1831	9
1832	8
1833	9
1834	8
1835	10
1836	1
1837	1
1838	8
1839	7
1840	4
1841	3
1842	11
1843	7
1844	3
1845	7
1846	10
1847	2
1848	12
1849	8
1850	6
1851	1
1852	8
1853	13
1854	4
1855	0
1856	9
1857	8
1858	11
1859	5
1860	7
1861	10
1862	3
1863	6
1864	13
1865	5
1866	4
1867	12
1868	11
1869	7
1870	11
1871	8
1872	7
1873	7
1874	8
1875	3
1876	5
1877	12
1878	0
1879	5
1880	6
1881	3
1882	8
1883	7
1884	11
1885	10
1886	13
1887	9
1888	11
1889	6
1890	5
1891	5
1892	10
1893	11
1894	4
1895	5
1896	4
1897	1
1898	4
1899	6
1900	1
1901	0
1902	1
1903	5
1904	2
1905	7
1906	10
1907	1
1908	9
1909	11
1910	13
1911	5
1912	10
1913	8
1914	3
1915	9
1916	2
1917	6
1918	3
1919	5
1920	6
1921	2
1922	2
1923	8
1924	11
1925	12
1926	1
1927	8
1928	2
1929	3
1930	6
1931	10
1932	1
1933	4
1934	2
1935	9
1936	9
1937	4
1938	8
1939	2
1940	9
1941	13
1942	4
1943	2
1944	6
1945	10
1946	1
1947	11
1948	13
1949	1
1950	11
1951	7
1952	3
1953	11
1954	6
1955	11
1956	11
1957	7
1958	12
1959	11
1960	6
1961	11
1962	5
1963	3
1964	0
1965	8
1966	7
1967	12
1968	10
1969	7
1970	6
1971	7
1972	2
1973	9
1974	6
1975	5
1976	0
1977	1
1978	7
1979	1
1980	1
1981	5
1982	0
1983	0
1984	11
1985	5
1986	6
1987	8
1988	10
1989	0
1990	13
1991	7
1992	12
1993	3
1994	0
1995	9
1996	0
1997	9
1998	7
1999	5
2000	12
2001	1
2002	6
2003	4
2004	10
2005	5
2006	8
2007	9
2008	1
2009	2
2010	6
2011	2
2012	9
2013	4
2014	9
2015	10
2016	5
2017	8
2018	12
2019	12
2020	0
2021	13
2022	1
2023	11
2024	10
2025	5
2026	8
2027	4
2028	10
2029	3
2030	12
2031	13
2032	4
2033	8
2034	0
2035	11
2036	7
2037	8
2038	7
2039	13
2040	9
2041	1
2042	6
2043	11
2044	13
2045	7
2046	8
2047	3
2048	3
2049	12
2050	0
2051	8
2052	3
2053	2
2054	9
2055	0
2056	8
2057	12
2058	7
2059	2
2060	12
2061	9
2062	5
2063	2
2064	10
2065	5
2066	4
2067	8
2068	2
2069	9
2070	9
2071	10
2072	11
2073	9
2074	8
2075	6
2076	12
2077	6
2078	10
2079	6
2080	2
2081	8
2082	10
2083	13
2084	3
2085	8
2086	9
2087	4
2088	1
2089	0
2090	4
2091	10
2092	7
2093	5
2094	11
2095	1
2096	1
2097	0
2098	7
2099	0
2100	7
2101	7
2102	8
2103	6
2104	3
2105	5
2106	8
2107	1
2108	0
2109	1
2110	8
2111	5
2112	3
2113	0
2114	6
2115	11
2116	8
2117	13
2118	0
2119	3
2120	7
2121	0
2122	3
2123	0
2124	4
2125	12
2126	13
2127	5
2128	11
2129	6
2130	3
2131	8
2132	7
2133	11
2134	6
2135	5
2136	4
2137	10
2138	2
2139	0
2140	12
2141	1
2142	5
2143	10
2144	4
2145	4
2146	1
2147	2
2148	0
2149	9
2150	11
2151	13
2152	12
2153	4
2154	5
2155	2
2156	5
2157	12
2158	10
2159	9
2160	1
2161	4
2162	7
2163	1
2164	11
2165	13
2166	8
2167	11
2168	12
2169	11
2170	11
2171	0
2172	9
2173	10
2174	8
2175	7
2176	7
2177	11
2178	12
2179	2
2180	8
2181	10
2182	9
2183	10
2184	4
2185	7
2186	4
2187	0
2188	12
2189	2
2190	2
2191	3
2192	8
2193	0
2194	8
2195	9
2196	9
2197	11
2198	8
2199	3
2200	7
2201	10
2202	11
2203	3
2204	10
2205	8
2206	12
2207	6
2208	11
2209	5
2210	11
2211	13
2212	0
2213	12
2214	6
2215	13
2216	10
2217	0
2218	11
2219	0
2220	5
2221	1
2222	12
2223	11
2224	12
2225	7
2226	3
2227	12
2228	3
2229	12
2230	9
2231	0
2232	10
2233	1
2234	5
2235	0
2236	13
2237	12
2238	9
2239	9
2240	0
2241	9
2242	10
2243	6
2244	12
2245	1
2246	4
2247	9
2248	4
2249	12
2250	6
2251	7
2252	5
2253	0
2254	3
2255	0
2256	2
2257	9
2258	7
2259	10
2260	0
2261	12
2262	6
2263	12
2264	8
2265	11
2266	10
2267	0
2268	2
2269	1
2270	6
2271	5
2272	7
2273	4
2274	7
2275	7
2276	7
2277	1
2278	9
2279	3
2280	2
2281	9
2282	6
2283	0
2284	3
2285	0
2286	3
2287	3
2288	5
2289	10
2290	10
2291	8
2292	9
2293	12
2294	12
2295	12
2296	2
2297	8
2298	8
2299	9
2300	4
2301	13
2302	9
2303	9
2304	12
2305	7
2306	13
2307	12
2308	3
2309	0
2310	8
2311	13
2312	10
2313	13
2314	6
2315	4
2316	6
2317	10
2318	5
2319	1
2320	4
2321	2
2322	1
2323	7
2324	7
2325	9
2326	6
2327	12
2328	3
2329	2
2330	1
2331	3
2332	1
2333	8
2334	3
2335	8
2336	8
2337	6
2338	5
2339	9
2340	10
2341	8
2342	5
2343	5
2344	2
2345	10
2346	9
2347	12
2348	12
2349	7
2350	12
2351	3
2352	12
2353	7
2354	2
2355	0
2356	1
2357	2
2358	10
2359	8
2360	8
2361	2
2362	10
2363	13
2364	10
2365	13
2366	8
2367	10
2368	9
2369	10
2370	6
2371	0
2372	10
2373	10
2374	2
2375	13
2376	6
2377	4
2378	4
2379	7
2380	3
2381	9
2382	13
2383	2
2384	0
2385	3
2386	13
2387	4
2388	13
2389	10
2390	11
2391	5
2392	6
2393	0
2394	2
2395	6
2396	8
2397	11
2398	1
2399	5
2400	6
2401	3
2402	10
2403	11
2404	11
2405	10
2406	10
2407	7
2408	2
2409	8
2410	7
2411	7
2412	6
2413	0
2414	8
2415	3
2416	2
2417	4
2418	7
2419	1
2420	10
2421	6
2422	7
2423	8
2424	6
2425	7
2426	6
2427	7
2428	2
2429	5
2430	6
2431	8
2432	8
2433	1
2434	6
2435	10
2436	13
2437	3
2438	12
2439	1
2440	6
2441	10
2442	5
2443	11
2444	4
2445	2
2446	3
2447	8
2448	8
2449	5
2450	7
2451	3
2452	2
2453	0
2454	10
2455	1
2456	10
2457	0
2458	7
2459	12
2460	6
2461	12
2462	3
2463	7
2464	7
2465	11
2466	10
2467	9
2468	11
2469	10
2470	8
2471	7
2472	5
2473	3
2474	6
2475	0
2476	2
2477	5
2478	9
2479	3
2480	13
2481	10
2482	0
2483	1
2484	4
2485	12
2486	9
2487	1
2488	7
2489	7
2490	13
2491	0
2492	0
2493	8
2494	10
2495	0
2496	3
2497	12
2498	12
2499	8
2500	12
2501	3
2502	4
2503	4
2504	8
2505	2
2506	13
2507	8
2508	13
2509	1
2510	7
2511	5
2512	0
2513	2
2514	13
2515	1
2516	10
2517	8
2518	13
2519	5
2520	11
2521	2
2522	3
2523	13
2524	3
2525	12
2526	8
2527	9
2528	3
2529	5
2530	13
2531	6
2532	1
2533	2
2534	1
2535	9
2536	8
2537	6
2538	0
2539	9
2540	5
2541	2
2542	13
2543	7
2544	1
2545	4
2546	4
2547	13
2548	12
2549	1
2550	1
2551	10
2552	1
2553	7
2554	4
2555	10
2556	4
2557	13
2558	1
2559	9
2560	13
2561	9
2562	11
2563	10
2564	11
2565	5
2566	9
2567	8
2568	10
2569	5
2570	6
2571	0
2572	4
2573	3
2574	5
2575	2
2576	10
2577	0
2578	1
2579	7
2580	6
2581	12
2582	1
2583	7
2584	12
2585	9
2586	4
2587	11
2588	10
2589	9
2590	0
2591	1
2592	8
2593	9
2594	6
2595	2
2596	6
2597	0
2598	12
2599	3
2600	9
2601	5
2602	9
2603	12
2604	1
2605	6
2606	9
2607	3
2608	2
2609	13
2610	7
2611	4
2612	2
2613	12
2614	9
2615	5
2616	11
2617	5
2618	6
2619	8
2620	0
2621	1
2622	4
2623	13
2624	6
2625	7
2626	12
2627	4
2628	13
2629	9
2630	10
2631	6
2632	4
2633	11
2634	6
2635	1
2636	10
2637	1
2638	2
2639	8
2640	0
2641	12
2642	8
2643	6
2644	0
2645	6
2646	0
2647	11
2648	2
2649	7
2650	0
2651	4
2652	13
2653	10
2654	7
2655	11
2656	13
2657	8
2658	1
2659	6
2660	5
2661	6
2662	6
2663	9
2664	3
2665	4
2666	11
2667	1
2668	4
2669	7
2670	13
2671	10
2672	11
2673	6
2674	2
2675	0
2676	9
2677	6
2678	4
2679	9
2680	12
2681	2
2682	11
2683	0
2684	11
2685	6
2686	1
2687	9
2688	5
2689	7
2690	11
2691	0
2692	0
2693	13
2694	11
2695	1
2696	13
2697	8
2698	13
2699	0
2700	13
2701	1
2702	2
2703	11
2704	12
2705	4
2706	6
2707	1
2708	0
2709	13
2710	9
2711	6
2712	3
2713	9
2714	12
2715	6
2716	6
2717	0
2718	1
2719	7
2720	7
2721	12
2722	11
2723	5
2724	11
2725	0
2726	10
2727	7
2728	0
2729	2
2730	3
2731	2
2732	12
2733	9
2734	13
2735	1
2736	1
2737	3
2738	4
2739	13
2740	6
2741	6
2742	1
2743	2
2744	13
2745	3
2746	13
2747	1
2748	9
2749	12
2750	3
2751	6
2752	6
2753	9
2754	5
2755	1
2756	6
2757	10
2758	2
2759	13
2760	10
2761	9
2762	12
2763	12
2764	12
2765	10
2766	8
2767	1
2768	3
2769	4
2770	3
2771	5
2772	9
2773	5
2774	13
2775	13
2776	12
2777	7
2778	3
2779	2
2780	9
2781	3
2782	13
2783	8
2784	6
2785	9
2786	1
2787	1
2788	8
2789	12
2790	5
2791	1
2792	12
2793	6
2794	12
2795	11
2796	11
2797	2
2798	7
2799	2
2800	10
2801	6
2802	11
2803	6
2804	0
2805	3
2806	3
2807	1
2808	6
2809	0
2810	0
2811	4
2812	11
2813	0
2814	0
2815	10
2816	2
2817	3
2818	3
2819	13
2820	1
2821	2
2822	6
2823	12
2824	13
2825	9
2826	0
2827	9
2828	8
2829	5
2830	7
2831	2
2832	2
2833	5
2834	5
2835	8
2836	8
2837	2
2838	6
2839	12
2840	2
2841	4
2842	8
2843	7
2844	6
2845	4
2846	8
2847	3
2848	10
2849	3
2850	1
2851	9
2852	5
2853	11
2854	1
2855	0
2856	9
2857	10
2858	6
2859	2
2860	13
2861	12
2862	7
2863	8
2864	0
2865	7
2866	10
2867	2
2868	1
2869	10
2870	5
2871	4
2872	10
2873	2
2874	4
2875	13
2876	0
2877	3
2878	12
2879	4
2880	3
2881	10
2882	9
2883	4
2884	6
2885	9
2886	3
2887	8
2888	11
2889	10
2890	11
2891	8
2892	11
2893	9
2894	2
2895	5
2896	4
2897	11
2898	2
2899	0
2900	6
2901	9
2902	2
2903	8
2904	9
2905	12
2906	1
2907	6
2908	1
2909	12
2910	6
2911	8
2912	10
2913	8
2914	9
2915	11
2916	13
2917	9
2918	11
2919	8
2920	7
2921	9
2922	8
2923	0
2924	5
2925	9
2926	13
2927	5
2928	3
2929	10
2930	7
2931	7
2932	7
2933	13
2934	6
2935	2
2936	3
2937	10
2938	6
2939	2
2940	2
2941	7
2942	9
2943	10
2944	6
2945	12
2946	6
2947	6
2948	13
2949	10
2950	9
2951	0
2952	1
2953	8
2954	8
2955	9
2956	9
2957	8
2958	0
2959	8
2960	12
2961	2
2962	0
2963	3
2964	10
2965	13
2966	1
2967	9
2968	4
2969	7
2970	5
2971	3
2972	5
2973	3
2974	3
2975	1
2976	13
2977	1
2978	3
2979	8
2980	0
2981	5
2982	1
2983	1
2984	1
2985	0
2986	5
2987	4
2988	9
2989	1
2990	13
2991	9
2992	1
2993	4
2994	2
2995	13
2996	1
2997	2
2998	2
2999	8
3000	13
3001	13
3002	10
3003	9
3004	3
3005	7
3006	4
3007	6
3008	11
3009	9
3010	0
3011	1
3012	3
3013	1
3014	8
3015	12
3016	3
3017	2
3018	8
3019	11
3020	12
3021	8
3022	6
3023	7
3024	7
3025	10
3026	2
3027	6
3028	9
3029	9
3030	6
3031	11
3032	0
3033	7
3034	9
3035	12
3036	7
3037	1
3038	8
3039	6
3040	8
3041	0
3042	4
3043	12
3044	12
3045	0
3046	5
3047	10
3048	11
3049	11
3050	4
3051	6
3052	0
3053	1
3054	7
3055	4
3056	1
3057	12
3058	2
3059	5
3060	12
3061	10
3062	9
3063	13
3064	6
3065	1
3066	12
3067	6
3068	1
3069	7
3070	0
3071	13
3072	7
3073	5
3074	0
3075	6
3076	13
3077	2
3078	1
3079	8
3080	8
3081	11
3082	10
3083	8
3084	10
3085	2
3086	7
3087	3
3088	8
3089	1
3090	2
3091	1
3092	4
3093	12
3094	13
3095	11
3096	13
3097	8
3098	0
3099	3
3100	0
3101	12
3102	7
3103	10
3104	6
3105	7
3106	2
3107	0
3108	3
3109	6
3110	9
3111	12
3112	13
3113	5
3114	9
3115	1
3116	5
3117	12
3118	2
3119	5
3120	7
3121	8
3122	12
3123	4
3124	13
3125	1
3126	1
3127	5
3128	3
3129	4
3130	13
3131	4
3132	11
3133	11
3134	9
3135	7
3136	13
3137	3
3138	5
3139	1
3140	8
3141	12
3142	12
3143	11
3144	3
3145	2
3146	13
3147	10
3148	8
3149	12
3150	5
3151	12
3152	12
3153	6
3154	7
3155	2
3156	11
3157	10
3158	9
3159	0
3160	7
3161	1
3162	13
3163	9
3164	9
3165	10
3166	0
3167	13
3168	5
3169	5
3170	3
3171	5
3172	2
3173	3
3174	12
3175	3
3176	9
3177	4
3178	1
3179	0
3180	1
3181	11
3182	4
3183	13
3184	0
3185	9
3186	7
3187	5
3188	5
3189	5
3190	8
3191	13
3192	4
3193	2
3194	9
3195	5
3196	0
3197	12
3198	1
3199	12
3200	11
3201	4
3202	5
3203	4
3204	7
3205	10
3206	9
3207	2
3208	3
3209	5
3210	6
3211	7
3212	11
3213	12
3214	12
3215	12
3216	0
3217	3
3218	11
3219	9
3220	5
3221	10
3222	6
3223	13
3224	1
3225	5
3226	5
3227	13
3228	2
3229	5
3230	2
3231	9
3232	7
3233	3
3234	10
3235	6
3236	2
3237	7
3238	7
3239	0
3240	7
3241	9
3242	5
3243	7
3244	10
3245	7
3246	2
3247	3
3248	12
3249	0
3250	8
3251	11
3252	12
3253	8
3254	9
3255	0
3256	13
3257	2
3258	12
3259	11
3260	11
3261	2
3262	1
3263	12
3264	11
3265	11
3266	5
3267	7
3268	7
3269	2
3270	10
3271	12
3272	3
3273	2
3274	7
3275	6
3276	4
3277	11
3278	8
3279	13
3280	10
3281	8
3282	7
3283	8
3284	11
3285	13
3286	2
3287	4
3288	10
3289	6
3290	11
3291	7
3292	6
3293	2
3294	2
3295	7
3296	5
3297	7
3298	10
3299	3
3300	9
3301	12
3302	0
3303	1
3304	0
3305	9
3306	6
3307	11
3308	9
3309	12
3310	7
3311	1
3312	10
3313	11
3314	13
3315	7
3316	13
3317	1
3318	5
3319	5
3320	6
3321	13
3322	10
3323	3
3324	1
3325	4
3326	2
3327	12
3328	4
3329	5
3330	6
3331	2
3332	8
3333	13
3334	12
3335	4
3336	12
3337	1
3338	11
3339	8
3340	3
3341	12
3342	10
3343	13
3344	12
3345	11
3346	5
3347	13
3348	4
3349	11
3350	1
3351	3
3352	0
3353	3
3354	10
3355	11
3356	11
3357	1
3358	1
3359	1
3360	10
3361	5
3362	1
3363	9
3364	11
3365	7
3366	8
3367	1
3368	3
3369	7
3370	8
3371	1
3372	7
3373	13
3374	5
3375	11
3376	0
3377	5
3378	5
3379	5
3380	11
3381	12
3382	1
3383	11
3384	1
3385	9
3386	0
3387	5
3388	5
3389	0
3390	11
3391	13
3392	12
3393	0
3394	13
3395	8
3396	4
3397	10
3398	10
3399	0
3400	5
3401	0
3402	7
3403	11
3404	12
3405	6
3406	1
3407	5
3408	11
3409	10
3410	12
3411	11
3412	11
3413	1
3414	5
3415	8
3416	9
3417	7
3418	2
3419	8
3420	11
3421	10
3422	4
3423	10
3424	11
3425	10
3426	12
3427	8
3428	9
3429	2
3430	12
3431	1
3432	5
3433	4
3434	8
3435	13
3436	12
3437	3
3438	11
3439	5
3440	3
3441	3
3442	6
3443	7
3444	6
3445	2
3446	0
3447	2
3448	9
3449	8
3450	6
3451	10
3452	10
3453	7
3454	13
3455	12
3456	10
3457	4
3458	12
3459	7
3460	13
3461	0
3462	1
3463	9
3464	8
3465	1
3466	13
3467	4
3468	8
3469	0
3470	2
3471	1
3472	4
3473	11
3474	6
3475	7
3476	13
3477	3
3478	2
3479	1
3480	8
3481	10
3482	5
3483	4
3484	0
3485	10
3486	6
3487	6
3488	2
3489	10
3490	8
3491	11
3492	8
3493	9
3494	2
3495	1
3496	6
3497	12
3498	11
3499	2
3500	4
3501	6
3502	6
3503	2
3504	1
3505	7
3506	8
3507	11
3508	1
3509	9
3510	1
3511	11
3512	9
3513	12
3514	11
3515	0
3516	6
3517	1
3518	2
3519	8
3520	3
3521	13
3522	12
3523	8
3524	12
3525	3
3526	1
3527	6
3528	11
3529	11
3530	7
3531	0
3532	6
3533	7
3534	0
3535	10
3536	5
3537	9
3538	6
3539	6
3540	13
3541	11
3542	4
3543	9
3544	0
3545	0
3546	6
3547	13
3548	11
3549	7
3550	7
3551	8
3552	13
3553	4
3554	5
3555	4
3556	10
3557	2
3558	2
3559	7
3560	6
3561	9
3562	10
3563	8
3564	5
3565	12
3566	1
3567	0
3568	11
3569	8
3570	9
3571	13
3572	3
3573	4
3574	8
3575	2
3576	10
3577	5
3578	1
3579	2
3580	12
3581	1
3582	0
3583	1
3584	4
3585	5
3586	5
3587	0
3588	3
3589	12
3590	11
3591	12
3592	6
3593	7
3594	9
3595	12
3596	12
3597	3
3598	1
3599	2
3600	7
3601	1
3602	8
3603	8
3604	7
3605	11
3606	8
3607	8
3608	8
3609	0
3610	5
3611	4
3612	1
3613	0
3614	10
3615	2
3616	8
3617	2
3618	9
3619	5
3620	4
3621	2
3622	7
3623	7
3624	12
3625	7
3626	12
3627	1
3628	1
3629	3
3630	12
3631	1
3632	7
3633	9
3634	6
3635	8
3636	5
3637	8
3638	6
3639	5
3640	7
3641	2
3642	10
3643	5
3644	3
3645	3
3646	1
3647	5
3648	13
3649	0
3650	13
3651	12
3652	13
3653	6
3654	7
3655	12
3656	1
3657	2
3658	13
3659	5
3660	8
3661	4
3662	9
3663	11
3664	5
3665	3
3666	6
3667	9
3668	0
3669	13
3670	11
3671	9
3672	3
3673	9
3674	3
3675	12
3676	7
3677	13
3678	13
3679	1
3680	1
3681	7
3682	6
3683	9
3684	2
3685	4
3686	12
3687	11
3688	7
3689	13
3690	3
3691	1
3692	6
3693	7
3694	11
3695	7
3696	7
3697	12
3698	1
3699	2
3700	13
3701	11
3702	3
3703	1
3704	8
3705	13
3706	9
3707	13
3708	9
3709	7
3710	4
3711	2
3712	11
3713	12
3714	1
3715	9
3716	7
3717	8
3718	11
3719	4
3720	6
3721	5
3722	7
3723	1
3724	5
3725	0
3726	10
3727	8
3728	4
3729	5
3730	0
3731	7
3732	0
3733	11
3734	7
3735	4
3736	13
3737	3
3738	11
3739	0
3740	13
3741	13
3742	13
3743	4
3744	8
3745	3
3746	13
3747	1
3748	12
3749	6
3750	3
3751	1
3752	1
3753	1
3754	4
3755	12
3756	5
3757	7
3758	4
3759	10
3760	8
3761	10
3762	13
3763	8
3764	9
3765	8
3766	6
3767	0
3768	2
3769	8
3770	5
3771	13
3772	7
3773	0
3774	7
3775	7
3776	1
3777	10
3778	6
3779	7
3780	1
3781	9
3782	1
3783	10
3784	3
3785	9
3786	5
3787	6
3788	0
3789	4
3790	1
3791	7
3792	6
3793	3
3794	7
3795	8
3796	12
3797	12
3798	4
3799	3
3800	2
3801	9
3802	4
3803	6
3804	2
3805	13
3806	0
3807	12
3808	1
3809	4
3810	2
3811	3
3812	3
3813	0
3814	1
3815	11
3816	9
3817	1
3818	13
3819	11
3820	3
3821	8
3822	2
3823	7
3824	8
3825	1
3826	13
3827	12
3828	7
3829	10
3830	2
3831	5
3832	8
3833	0
3834	11
3835	10
3836	9
3837	11
3838	1
3839	8
3840	4
3841	8
3842	9
3843	13
3844	3
3845	5
3846	0
3847	5
3848	6
3849	12
3850	8
3851	4
3852	8
3853	3
3854	12
3855	9
3856	13
3857	3
3858	8
3859	2
3860	1
3861	2
3862	10
3863	4
3864	11
3865	7
3866	5
3867	12
3868	0
3869	3
3870	3
3871	2
3872	1
3873	4
3874	5
3875	7
3876	1
3877	0
3878	1
3879	12
3880	11
3881	12
3882	2
3883	1
3884	2
3885	7
3886	8
3887	5
3888	5
3889	10
3890	13
3891	10
3892	3
3893	5
3894	9
3895	10
3896	12
3897	10
3898	1
3899	8
3900	8
3901	11
3902	7
3903	9
3904	12
3905	11
3906	5
3907	10
3908	3
3909	6
3910	12
3911	7
3912	11
3913	4
3914	8
3915	12
3916	1
3917	2
3918	9
3919	7
3920	12
3921	8
3922	13
3923	3
3924	10
3925	7
3926	3
3927	10
3928	11
3929	4
3930	5
3931	13
3932	3
3933	10
3934	12
3935	12
3936	9
3937	4
3938	1
3939	8
3940	10
3941	3
3942	7
3943	13
3944	13
3945	7
3946	1
3947	3
3948	13
3949	5
3950	9
3951	8
3952	9
3953	7
3954	5
3955	8
3956	6
3957	5
3958	1
3959	5
3960	12
3961	8
3962	8
3963	11
3964	5
3965	5
3966	6
3967	4
3968	11
3969	3
3970	2
3971	4
3972	6
3973	6
3974	3
3975	2
3976	9
3977	10
3978	13
3979	10
3980	0
3981	13
3982	6
3983	8
3984	3
3985	0
3986	11
3987	3
3988	11
3989	13
3990	0
3991	9
3992	13
3993	2
3994	6
3995	4
3996	1
3997	7
3998	12
3999	3
4000	9
4001	1
4002	3
4003	8
4004	3
4005	3
4006	9
4007	0
4008	10
4009	3
4010	6
4011	1
4012	11
4013	5
4014	7
4015	7
4016	13
4017	12
4018	6
4019	5
4020	11
4021	5
4022	6
4023	0
4024	13
4025	6
4026	10
4027	4
4028	12
4029	0
4030	13
4031	10
4032	1
4033	5
4034	10
4035	0
4036	12
4037	0
4038	13
4039	13
4040	1
4041	12
4042	3
4043	1
4044	12
4045	10
4046	8
4047	2
4048	11
4049	12
4050	1
4051	13
4052	11
4053	3
4054	2
4055	5
4056	0
4057	10
4058	4
4059	13
4060	5
4061	10
4062	5
4063	6
4064	3
4065	11
4066	13
4067	5
4068	4
4069	1
4070	2
4071	8
4072	10
4073	5
4074	4
4075	1
4076	1
4077	4
4078	4
4079	7
4080	1
4081	13
4082	6
4083	6
4084	0
4085	1
4086	0
4087	1
4088	9
4089	12
4090	8
4091	12
4092	4
4093	7
4094	13
4095	7
4096	5
4097	6
4098	12
4099	7
4100	3
4101	8
4102	11
4103	1
4104	10
4105	1
4106	6
4107	6
4108	3
4109	8
4110	11
4111	6
4112	8
4113	12
4114	8
4115	11
4116	4
4117	11
4118	11
4119	4
4120	1
4121	13
4122	8
4123	6
4124	2
4125	6
4126	0
4127	7
4128	2
4129	9
4130	9
4131	12
4132	4
4133	9
4134	6
4135	10
4136	4
4137	6
4138	13
4139	3
4140	6
4141	13
4142	5
4143	3
4144	6
4145	6
4146	12
4147	7
4148	8
4149	3
4150	0
4151	11
4152	13
4153	7
4154	0
4155	7
4156	10
4157	12
4158	7
4159	4
4160	3
4161	5
4162	4
4163	10
4164	8
4165	4
4166	1
4167	6
4168	12
4169	11
4170	6
4171	13
4172	0
4173	0
4174	0
4175	10
4176	5
4177	0
4178	6
4179	13
4180	7
4181	12
4182	5
4183	11
4184	6
4185	13
4186	13
4187	2
4188	12
4189	0
4190	4
4191	4
4192	1
4193	12
4194	3
4195	11
4196	9
4197	11
4198	9
4199	6
4200	3
4201	13
4202	1
4203	1
4204	7
4205	2
4206	2
4207	3
4208	11
4209	7
4210	8
4211	9
4212	13
4213	6
4214	11
4215	1
4216	4
4217	3
4218	10
4219	11
4220	0
4221	10
4222	11
4223	2
4224	4
4225	1
4226	9
4227	13
4228	11
4229	4
4230	1
4231	13
4232	6
4233	11
4234	11
4235	10
4236	6
4237	13
4238	5
4239	8
4240	3
4241	11
4242	1
4243	9
4244	6
4245	7
4246	12
4247	9
4248	7
4249	9
4250	0
4251	7
4252	5
4253	1
4254	10
4255	6
4256	5
4257	1
4258	8
4259	1
4260	12
4261	5
4262	5
4263	0
4264	8
4265	13
4266	2
4267	6
4268	2
4269	5
4270	1
4271	12
4272	7
4273	3
4274	6
4275	4
4276	3
4277	13
4278	8
4279	2
4280	12
4281	5
4282	5
4283	5
4284	8
4285	4
4286	3
4287	6
4288	0
4289	7
4290	10
4291	12
4292	5
4293	7
4294	11
4295	8
4296	13
4297	6
4298	6
4299	6
4300	1
4301	6
4302	10
4303	3
4304	13
4305	13
4306	7
4307	12
4308	0
4309	11
4310	11
4311	0
4312	11
4313	11
4314	6
4315	4
4316	11
4317	4
4318	6
4319	3
4320	9
4321	4
4322	4
4323	3
4324	9
4325	10
4326	5
4327	3
4328	6
4329	8
4330	5
4331	4
4332	8
4333	12
4334	7
4335	9
4336	7
4337	1
4338	4
4339	0
4340	5
4341	6
4342	0
4343	3
4344	13
4345	10
4346	10
4347	5
4348	0
4349	10
4350	0
4351	0
4352	3
4353	13
4354	12
4355	9
4356	3
4357	1
4358	9
4359	7
4360	2
4361	8
4362	3
4363	12
4364	11
4365	6
4366	11
4367	0
4368	0
4369	9
4370	11
4371	3
4372	13
4373	2
4374	8
4375	11
4376	6
4377	0
4378	0
4379	0
4380	5
4381	7
4382	5
4383	11
4384	12
4385	11
4386	10
4387	11
4388	4
4389	1
4390	7
4391	1
4392	5
4393	6
4394	2
4395	6
4396	10
4397	0
4398	1
4399	9
4400	4
4401	7
4402	7
4403	7
4404	5
4405	2
4406	2
4407	9
4408	12
4409	11
4410	12
4411	13
4412	7
4413	9
4414	9
4415	10
4416	3
4417	2
4418	5
4419	7
4420	12
4421	5
4422	4
4423	11
4424	12
4425	6
4426	5
4427	9
4428	3
4429	6
4430	2
4431	13
4432	4
4433	13
4434	1
4435	9
4436	1
4437	4
4438	3
4439	4
4440	2
4441	6
4442	13
4443	2
4444	9
4445	2
4446	5
4447	6
4448	5
4449	3
4450	13
4451	3
4452	10
4453	8
4454	1
4455	6
4456	7
4457	10
4458	10
4459	11
4460	9
4461	11
4462	3
4463	8
4464	6
4465	3
4466	2
4467	11
4468	5
4469	9
4470	0
4471	9
4472	11
4473	8
4474	12
4475	5
4476	2
4477	6
4478	10
4479	9
4480	6
4481	0
4482	2
4483	2
4484	1
4485	5
4486	4
4487	5
4488	11
4489	10
4490	12
4491	9
4492	10
4493	11
4494	0
4495	2
4496	10
4497	0
4498	4
4499	6
4500	1
4501	7
4502	3
4503	10
4504	9
4505	4
4506	7
4507	4
4508	2
4509	2
4510	12
4511	7
4512	2
4513	0
4514	10
4515	9
4516	3
4517	10
4518	8
4519	1
4520	0
4521	2
4522	7
4523	4
4524	12
4525	6
4526	13
4527	8
4528	12
4529	10
4530	1
4531	8
4532	12
4533	12
4534	11
4535	12
4536	7
4537	9
4538	13
4539	13
4540	1
4541	8
4542	12
4543	6
4544	12
4545	8
4546	7
4547	5
4548	3
4549	5
4550	4
4551	11
4552	0
4553	2
4554	13
4555	11
4556	4
4557	9
4558	9
4559	5
4560	2
4561	13
4562	10
4563	3
4564	2
4565	5
4566	4
4567	7
4568	12
4569	11
4570	5
4571	9
4572	8
4573	0
4574	10
4575	11
4576	10
4577	3
4578	0
4579	3
4580	12
4581	4
4582	7
4583	8
4584	1
4585	12
4586	12
4587	3
4588	13
4589	12
4590	3
4591	5
4592	2
4593	13
4594	7
4595	9
4596	13
4597	4
4598	2
4599	7
4600	3
4601	11
4602	9
4603	5
4604	9
4605	5
4606	10
4607	7
4608	7
4609	5
4610	11
4611	12
4612	6
4613	7
4614	6
4615	8
4616	13
4617	7
4618	0
4619	3
4620	4
4621	5
4622	12
4623	11
4624	2
4625	10
4626	7
4627	4
4628	11
4629	8
4630	4
4631	12
4632	9
4633	7
4634	9
4635	11
4636	6
4637	8
4638	1
4639	10
4640	8
4641	2
4642	10
4643	2
4644	4
4645	7
4646	11
4647	12
4648	7
4649	9
4650	2
4651	0
4652	2
4653	13
4654	10
4655	3
4656	4
4657	0
4658	1
4659	6
4660	0
4661	2
4662	11
4663	1
4664	2
4665	3
4666	13
4667	5
4668	3
4669	1
4670	6
4671	8
4672	2
4673	12
4674	9
4675	9
4676	2
4677	1
4678	7
4679	9
4680	9
4681	9
4682	3
4683	2
4684	8
4685	7
4686	0
4687	4
4688	2
4689	12
4690	3
4691	8
4692	6
4693	10
4694	0
4695	4
4696	4
4697	3
4698	8
4699	2
4700	13
4701	7
4702	10
4703	7
4704	9
4705	2
4706	9
4707	11
4708	5
4709	12
4710	2
4711	10
4712	1
4713	3
4714	11
4715	6
4716	1
4717	9
4718	3
4719	5
4720	7
4721	9
4722	8
4723	0
4724	4
4725	13
4726	9
4727	9
4728	3
4729	4
4730	0
4731	0
4732	5
4733	7
4734	2
4735	9
4736	0
4737	0
4738	0
4739	0
4740	13
4741	9
4742	0
4743	9
4744	9
4745	3
4746	9
4747	9
4748	13
4749	12
4750	8
4751	0
4752	7
4753	2
4754	4
4755	1
4756	2
4757	2
4758	7
4759	7
4760	1
4761	2
4762	3
4763	12
4764	4
4765	9
4766	7
4767	6
4768	9
4769	11
4770	11
4771	7
4772	0
4773	2
4774	11
4775	8
4776	1
4777	4
4778	5
4779	8
4780	9
4781	3
4782	1
4783	3
4784	12
4785	8
4786	12
4787	13
4788	3
4789	3
4790	8
4791	10
4792	12
4793	10
4794	6
4795	12
4796	1
4797	7
4798	13
4799	5
4800	10
4801	9
4802	1
4803	13
4804	13
4805	0
4806	11
4807	6
4808	4
4809	5
4810	10
4811	1
4812	3
4813	13
4814	7
4815	0
4816	4
4817	11
4818	3
4819	9
4820	12
4821	3
4822	4
4823	1
4824	10
4825	6
4826	5
4827	12
4828	2
4829	0
4830	5
4831	7
4832	12
4833	13
4834	7
4835	11
4836	13
4837	1
4838	11
4839	2
4840	9
4841	8
4842	3
4843	2
4844	5
4845	6
4846	6
4847	8
4848	4
4849	13
4850	1
4851	13
4852	3
4853	3
4854	4
4855	5
4856	11
4857	9
4858	11
4859	3
4860	13
4861	12
4862	0
4863	7
4864	4
4865	4
4866	13
4867	13
4868	9
4869	2
4870	12
4871	12
4872	0
4873	5
4874	3
4875	7
4876	8
4877	0
4878	12
4879	0
4880	1
4881	5
4882	10
4883	6
4884	1
4885	8
4886	6
4887	6
4888	8
4889	0
4890	0
4891	13
4892	8
4893	11
4894	8
4895	9
4896	1
4897	7
4898	6
4899	3
4900	13
4901	1
4902	1
4903	2
4904	8
4905	2
4906	9
4907	7
4908	7
4909	5
4910	7
4911	9
4912	5
4913	11
4914	12
4915	1
4916	6
4917	3
4918	11
4919	8
4920	0
4921	0
4922	1
4923	1
4924	0
4925	12
4926	1
4927	9
4928	8
4929	12
4930	8
4931	3
4932	4
4933	12
4934	7
4935	3
4936	13
4937	13
4938	12
4939	9
4940	12
4941	1
4942	10
4943	1
4944	4
4945	1
4946	0
4947	11
4948	1
4949	8
4950	7
4951	0
4952	1
4953	13
4954	13
4955	13
4956	4
4957	9
4958	4
4959	3
4960	4
4961	8
4962	3
4963	4
4964	1
4965	6
4966	13
4967	12
4968	4
4969	1
4970	6
4971	12
4972	5
4973	1
4974	9
4975	11
4976	7
4977	3
4978	8
4979	8
4980	1
4981	3
4982	5
4983	7
4984	12
4985	4
4986	11
4987	1
4988	1
4989	1
4990	13
4991	6
4992	1
4993	11
4994	7
4995	10
4996	2
4997	3
4998	9
4999	3
5000	2
5001	6
5002	13
5003	13
5004	9
5005	3
5006	12
5007	12
5008	10
5009	8
5010	1
5011	11
5012	10
5013	9
5014	13
5015	11
5016	1
5017	7
5018	4
5019	12
5020	13
5021	4
5022	8
5023	11
5024	11
5025	5
5026	2
5027	10
5028	2
5029	6
5030	12
5031	1
5032	4
5033	13
5034	8
5035	13
5036	2
5037	8
5038	11
5039	4
5040	4
5041	3
5042	0
5043	0
5044	1
5045	1
5046	8
5047	13
5048	2
5049	5
5050	0
5051	11
5052	8
5053	3
5054	6
5055	11
5056	6
5057	7
5058	7
5059	2
5060	2
5061	7
5062	5
5063	10
5064	13
5065	6
5066	7
5067	8
5068	10
5069	12
5070	1
5071	8
5072	11
5073	10
5074	13
5075	1
5076	9
5077	13
5078	0
5079	9
5080	13
5081	8
5082	2
5083	7
5084	7
5085	8
5086	3
5087	9
5088	11
5089	8
5090	10
5091	1
5092	5
5093	6
5094	9
5095	0
5096	13
5097	13
5098	1
5099	6
5100	11
5101	10
5102	2
5103	7
5104	0
5105	6
5106	12
5107	12
5108	5
5109	7
5110	1
5111	4
5112	10
5113	1
5114	6
5115	4
5116	11
5117	1
5118	10
5119	0
5120	5
5121	8
5122	1
5123	6
5124	12
5125	8
5126	1
5127	0
5128	2
5129	5
5130	1
5131	5
5132	6
5133	13
5134	3
5135	0
5136	1
5137	8
5138	12
5139	12
5140	4
5141	10
5142	2
5143	11
5144	7
5145	5
5146	11
5147	1
5148	0
5149	9
5150	13
5151	10
5152	9
5153	8
5154	13
5155	13
5156	1
5157	10
5158	10
5159	1
5160	13
5161	3
5162	8
5163	2
5164	2
5165	12
5166	8
5167	8
5168	7
5169	2
5170	4
5171	8
5172	9
5173	5
5174	1
5175	4
5176	1
5177	0
5178	9
5179	6
5180	3
5181	4
5182	1
5183	5
5184	7
5185	5
5186	1
5187	4
5188	8
5189	3
5190	10
5191	2
5192	2
5193	5
5194	7
5195	8
5196	7
5197	10
5198	2
5199	10
5200	3
5201	10
5202	9
5203	11
5204	10
5205	3
5206	7
5207	6
5208	8
5209	1
5210	7
5211	7
5212	2
5213	6
5214	4
5215	8
5216	2
5217	8
5218	2
5219	6
5220	11
5221	2
5222	6
5223	4
5224	11
5225	5
5226	11
5227	6
5228	5
5229	12
5230	1
5231	13
5232	0
5233	6
5234	1
5235	7
5236	10
5237	9
5238	5
5239	10
5240	3
5241	7
5242	1
5243	10
5244	1
5245	13
5246	4
5247	3
5248	13
5249	3
5250	13
5251	4
5252	3
5253	2
5254	5
5255	0
5256	11
5257	11
5258	6
5259	0
5260	7
5261	6
5262	2
5263	7
5264	13
5265	10
5266	2
5267	9
5268	13
5269	12
5270	3
5271	4
5272	0
5273	10
5274	13
5275	9
5276	13
5277	1
5278	3
5279	0
5280	11
5281	0
5282	7
5283	0
5284	13
5285	10
5286	12
5287	8
5288	4
5289	8
5290	4
5291	10
5292	12
5293	7
5294	10
5295	4
5296	6
5297	7
5298	5
5299	10
5300	11
5301	12
5302	5
5303	3
5304	9
5305	3
5306	3
5307	10
5308	7
5309	12
5310	13
5311	9
5312	12
5313	5
5314	11
5315	8
5316	10
5317	12
5318	7
5319	12
5320	11
5321	2
5322	11
5323	5
5324	7
5325	7
5326	10
5327	12
5328	2
5329	3
5330	1
5331	3
5332	1
5333	6
5334	2
5335	13
5336	6
5337	0
5338	4
5339	3
5340	11
5341	2
5342	0
5343	8
5344	13
5345	8
5346	2
5347	3
5348	10
5349	10
5350	12
5351	12
5352	13
5353	9
5354	1
5355	1
5356	2
5357	0
5358	4
5359	11
5360	12
5361	0
5362	7
5363	3
5364	10
5365	2
5366	8
5367	6
5368	11
5369	3
5370	3
5371	4
5372	10
5373	13
5374	5
5375	1
5376	8
5377	8
5378	8
5379	7
5380	3
5381	7
5382	11
5383	12
5384	3
5385	12
5386	1
5387	7
5388	6
5389	13
5390	5
5391	5
5392	13
5393	4
5394	5
5395	11
5396	9
5397	0
5398	6
5399	4
5400	13
5401	6
5402	5
5403	3
5404	2
5405	0
5406	4
5407	2
5408	10
5409	13
5410	13
5411	13
5412	2
5413	13
5414	6
5415	5
5416	13
5417	6
5418	2
5419	11
5420	0
5421	2
5422	6
5423	2
5424	7
5425	1
5426	0
5427	10
5428	11
5429	0
5430	1
5431	12
5432	9
5433	6
5434	0
5435	10
5436	9
5437	2
5438	5
5439	4
5440	11
5441	2
5442	1
5443	3
5444	4
5445	3
5446	4
5447	0
5448	3
5449	7
5450	8
5451	2
5452	0
5453	6
5454	8
5455	13
5456	2
5457	4
5458	13
5459	10
5460	6
5461	1
5462	9
5463	1
5464	7
5465	10
5466	5
5467	9
5468	4
5469	10
5470	5
5471	9
5472	9
5473	3
5474	3
5475	0
5476	5
5477	5
5478	2
5479	12
5480	12
5481	7
5482	13
5483	12
5484	2
5485	3
5486	5
5487	13
5488	12
5489	13
5490	2
5491	4
5492	3
5493	5
5494	3
5495	3
5496	5
5497	1
5498	10
5499	3
5500	8
5501	8
5502	9
5503	2
5504	3
5505	4
5506	11
5507	9
5508	10
5509	0
5510	0
5511	12
5512	1
5513	6
5514	12
5515	11
5516	0
5517	8
5518	9
5519	8
5520	13
5521	11
5522	2
5523	3
5524	5
5525	6
5526	6
5527	2
5528	12
5529	0
5530	12
5531	4
5532	9
5533	9
5534	3
5535	2
5536	8
5537	3
5538	4
5539	12
5540	9
5541	0
5542	3
5543	2
5544	6
5545	2
5546	5
5547	13
5548	5
5549	0
5550	0
5551	5
5552	12
5553	12
5554	13
5555	10
5556	13
5557	9
5558	11
5559	4
5560	6
5561	11
5562	0
5563	1
5564	5
5565	1
5566	7
5567	10
5568	6
5569	6
5570	6
5571	10
5572	0
5573	13
5574	6
5575	1
5576	13
5577	6
5578	7
5579	13
5580	10
5581	6
5582	3
5583	9
5584	7
5585	9
5586	1
5587	4
5588	4
5589	6
5590	5
5591	0
5592	8
5593	4
5594	13
5595	1
5596	0
5597	6
5598	3
5599	7
5600	9
5601	0
5602	0
5603	7
5604	3
5605	3
5606	13
5607	0
5608	4
5609	13
5610	6
5611	9
5612	5
5613	2
5614	7
5615	2
5616	12
5617	8
5618	9
5619	9
5620	5
5621	13
5622	3
5623	10
5624	3
5625	9
5626	0
5627	12
5628	6
5629	7
5630	12
5631	3
5632	6
5633	0
5634	12
5635	1
5636	9
5637	0
5638	10
5639	12
5640	5
5641	11
5642	8
5643	2
5644	13
5645	3
5646	7
5647	13
5648	9
5649	9
5650	8
5651	7
5652	7
5653	0
5654	4
5655	13
5656	3
5657	0
5658	6
5659	0
5660	9
5661	2
5662	9
5663	12
5664	8
5665	7
5666	2
5667	12
5668	4
5669	7
5670	13
5671	6
5672	12
5673	5
5674	13
5675	9
5676	10
5677	6
5678	4
5679	8
5680	4
5681	6
5682	8
5683	6
5684	1
5685	10
5686	2
5687	3
5688	11
5689	10
5690	1
5691	7
5692	6
5693	8
5694	4
5695	0
5696	11
5697	5
5698	4
5699	13
5700	1
5701	7
5702	10
5703	6
5704	7
5705	11
5706	6
5707	8
5708	10
5709	7
5710	9
5711	8
5712	2
