0	3371
53	3560
86	3213
147	1660
314	2768
352	5416
363	2225
390	5004
87	784
450	1605
579	324
632	275
745	234
815	4233
864	598
906	4408
451	3880
958	3431
973	4574
1	4430
1033	3452
452	2641
1151	5331
1014	3492
1203	4933
1221	3327
1268	740
1303	53
1350	4658
974	4585
1375	5588
1395	1707
1439	550
1479	1856
975	4565
1512	3300
1554	3434
521	667
1589	4800
1053	3804
1691	2587
1726	3423
633	318
1753	3969
1789	2394
1791	151
1832	1719
1304	32
634	884
1918	1285
1754	4167
1995	706
2021	2681
580	292
2056	3550
581	290
2094	2036
2125	5275
1054	2948
2157	2023
1376	5590
2206	1564
2255	1296
2302	5657
1015	5193
2374	3795
2393	4118
2412	5156
2445	3104
1222	1044
2497	5576
2512	1512
2544	338
2594	3976
453	2445
404	771
2625	5164
454	1840
2256	2095
2458	1104
1480	1849
2342	160
2095	1736
455	3930
976	4577
2841	2447
2883	1801
2917	2981
456	1561
2966	2113
1481	1857
3001	3479
1055	1098
1016	3792
2328	4924
3002	5121
635	1007
1223	4751
3040	1956
364	167
3118	4345
1269	2430
2096	1630
2810	1165
3232	5434
865	1204
3281	3027
3304	222
1440	548
2704	4531
3348	3079
636	4011
1396	5088
3385	5425
3388	1903
3394	5408
932	2983
1056	2635
2981	1155
2158	4472
2033	4515
1270	1182
3471	934
3493	2252
1590	5400
1204	3490
3538	3674
3546	1065
1351	4657
3582	3198
977	1160
3611	1312
3631	1902
746	215
3671	4661
2394	88
3686	1134
1305	3900
2	120
2446	4148
148	62
1692	1505
1271	2610
1792	101
3749	107
3759	1136
3762	3267
3767	3586
3770	2989
2884	3184
3282	4885
2329	3767
1919	1648
2775	2166
1377	5124
149	2621
3828	832
3457	1771
1272	1601
2885	3380
1482	1854
2748	4806
2626	1335
1483	1859
3889	1138
3183	3476
2545	1067
1654	1115
747	4055
3935	1405
1057	1952
3969	4357
1755	4163
3980	807
2749	3314
2097	475
3805	3498
1058	2639
3184	5341
3119	4916
3204	803
3085	1945
4031	1179
4034	270
4046	5244
582	4328
866	612
3120	3797
2762	104
1059	489
1693	2581
457	2078
522	688
978	3828
4105	3610
4112	4500
933	5665
3396	5563
3847	4215
1060	1574
1224	901
4152	4912
2159	3016
1484	4673
3152	3776
2459	2330
1694	1738
3981	690
4212	5481
1273	673
4219	2099
1061	863
2948	1536
251	448
4233	4497
1655	1430
1513	2682
1306	1647
150	1693
4199	5272
523	672
3592	4774
2425	3911
1867	2925
4281	4210
1997	2169
816	4296
3	105
252	346
1868	1364
2257	3054
583	3011
4275	4738
2918	2995
3283	4001
4	1706
3049	4710
3703	1462
4344	4394
2811	918
3086	3885
4357	5474
3848	1520
2426	3909
3121	5375
817	5206
3023	3316
2460	1106
2776	2178
4225	851
4385	5207
54	3683
2160	195
1580	1333
88	3211
3704	3961
2192	5646
907	4402
867	1537
524	516
1555	3442
4429	5062
1485	5147
1378	5385
4436	4914
2656	1838
1441	983
748	1031
3397	4560
749	226
89	2466
2057	1575
4459	4145
2842	906
1695	3988
405	763
4473	4748
4482	276
2546	1876
525	689
1989	5655
2705	4540
4506	5649
818	1330
3936	2497
934	4333
2739	3781
4517	3867
584	888
1486	1863
151	1672
1657	1442
4531	3613
2812	2499
2949	3439
3768	1818
4557	3992
935	724
959	4849
1062	2548
1487	1852
5	841
2740	1873
4408	425
936	4272
638	900
979	4569
1170	3494
3918	5635
152	1685
458	2332
153	1677
459	1232
4606	1509
3472	3225
2461	384
2706	1243
4635	3381
3902	731
460	1588
2258	4900
3578	4424
1397	3994
3428	1388
3612	2714
526	668
3398	5584
1658	4640
2547	1063
406	733
2330	4114
4006	467
90	4755
980	4027
2837	3893
315	149
4705	4828
1352	4681
908	3336
868	583
3305	4425
937	4329
3883	2479
91	2663
4744	2477
4746	951
960	3823
1017	4489
365	3
4430	5061
253	430
3937	423
4558	3996
1514	4343
2919	936
3793	2657
2750	3235
2058	3458
461	67
4655	1137
2194	1112
4294	3844
2513	1899
254	465
1618	3182
869	649
4783	2781
316	2769
3959	1932
4628	3095
2498	4514
3547	429
2548	1072
4800	4842
3632	2346
1794	3228
981	4549
2707	4528
4071	2516
2149	2735
3715	4262
3361	3878
4049	4198
639	267
1659	1420
1442	2069
2259	4120
353	5417
92	187
3860	3313
2343	360
4614	3363
3633	2354
3528	4713
2260	1278
2751	4070
3276	874
366	2190
4854	5707
4858	339
1920	1307
391	5615
4629	3686
6	1815
367	134
1034	158
2950	2179
1443	3926
750	209
3148	2899
3185	1080
527	2777
1171	4733
317	1751
2549	1087
2499	1825
1921	2607
3687	1133
4884	4311
3122	1654
93	3209
1274	2452
3784	4186
2207	4535
4893	2879
528	725
7	3373
1358	586
1063	1817
4779	2137
3306	1005
2331	5185
2261	5157
640	998
3861	3379
641	223
368	115
1660	1445
94	4665
154	502
1869	2333
2375	4158
4939	4271
1515	2590
463	661
4574	1776
3473	614
2395	1337
3087	1939
8	126
751	244
4955	3853
4080	2171
369	3034
4915	3331
4490	5214
2886	455
642	972
3284	5288
3429	3197
752	1017
982	2694
819	2984
392	1576
4386	5273
4801	5499
4312	2852
3842	1768
803	4601
5000	5701
529	720
3938	493
4387	4963
9	5194
2332	4723
3579	5101
3549	2795
3003	5122
2161	3984
407	4440
1661	1196
2333	2710
2462	1103
4548	132
1225	3185
4844	5246
1275	3783
255	3627
1398	1679
1696	1513
3570	1739
1833	1720
1226	3522
3307	802
156	3061
4418	507
256	1600
5039	5013
4956	5398
3041	3881
5047	5498
1380	5443
3088	97
1227	3862
643	1021
3089	4466
5063	5505
1662	2675
4526	5117
2920	2997
1399	5077
1923	1971
5073	1459
5074	4086
2447	3107
3004	2705
585	3438
2514	1152
4431	5059
3550	840
983	5348
3005	2132
2334	4821
753	236
870	108
2843	2928
2034	2454
464	4769
804	5614
2708	4522
5104	4607
5108	5337
984	4572
1998	1586
4601	2884
2940	5540
2777	2864
3399	4518
4727	5306
1353	4659
1834	2978
318	1615
4512	4133
644	990
1924	3136
2376	3750
157	1675
530	711
3880	1779
4313	4739
4035	4948
4440	2174
3050	4246
3426	1064
3006	1764
4743	2525
2709	4427
2778	2173
754	5370
2550	1028
1488	1860
465	3931
3829	827
2601	2377
3205	1151
4994	3899
319	2089
5101	5578
4234	4498
755	232
1727	2807
756	245
2838	2888
1205	1127
159	1662
5002	4180
4802	5482
3123	3325
1925	3408
4220	2739
4706	5450
1990	3851
4232	1755
4295	1416
160	968
2763	156
3849	1920
4588	4784
2208	1568
4953	3890
1065	1097
95	2384
257	587
4338	1448
4216	2871
10	2636
1307	2279
871	3811
3153	1995
985	3957
161	810
4616	3362
2710	4526
5185	963
3149	4471
820	3025
1400	142
2463	1189
3007	2599
2306	3583
2307	1981
2844	2509
258	148
757	229
1926	2374
2657	2155
1796	110
2448	4760
4235	4495
3750	111
4597	4667
1206	4112
2711	2480
2813	504
3925	4057
2967	2140
2162	125
3903	5382
1172	944
1489	398
938	2198
2500	5371
4532	3035
3904	3127
910	2615
1067	2628
162	1700
1619	4002
4419	480
320	2963
4925	2782
2779	2182
2345	1782
408	4974
758	206
2335	4335
4533	4805
2678	2806
1228	143
645	1237
3730	5549
2209	129
1927	2670
531	663
3055	1195
3926	4455
3308	2419
2515	1889
759	225
3551	2791
3688	180
3154	1254
370	2476
646	280
3583	1775
1401	1427
1928	3412
4751	2545
1756	2736
3090	1936
2262	1722
2346	2331
4200	3953
1381	4697
1229	1395
2658	4281
11	5141
2336	4131
4276	5186
5268	5317
3378	3905
5269	3938
2078	5028
2098	822
1068	3349
1069	2627
3051	5534
1230	123
4845	14
2921	2979
4402	5467
2464	103
2839	5542
354	5393
1797	137
3401	5583
5278	2042
1070	3822
1490	1848
393	4829
1071	1259
2465	637
2413	574
97	5251
5194	4797
4267	4777
3716	1884
409	713
5040	5011
2968	3794
911	4179
5292	1180
2308	2903
2627	4947
5295	4543
3982	4116
532	5426
1444	252
3983	619
2035	1790
466	954
5298	4184
2079	2213
3186	1632
533	1792
3309	484
355	5383
3751	121
3187	181
2551	2906
534	4336
1929	1969
3449	4513
5310	4668
535	729
1556	1344
1728	5439
1758	4029
5027	5243
1036	2776
2059	1523
1516	1378
821	1215
2552	141
4474	3170
410	781
536	695
1798	153
1491	1864
5321	5541
3362	4061
1851	54
2099	1793
3984	3320
3402	5407
259	1785
371	4412
2941	4891
3474	908
55	4881
321	2292
260	693
2845	1324
3206	1206
5329	3637
1517	3306
4400	4100
3939	2117
1518	2982
322	113
2553	978
1519	2167
2060	1147
5147	2846
3450	950
4797	5550
261	544
1759	4166
5342	1348
2679	1967
5084	1389
1852	51
5280	2950
1853	43
647	993
2712	4537
1854	57
1072	588
3379	1327
1697	2567
1492	1853
3771	3005
5349	5448
2377	3382
3731	4227
323	102
4352	1086
2100	2035
2501	5582
872	628
3667	4285
760	5388
1382	4573
12	3883
99	5250
4007	500
1018	2967
4863	4655
1520	801
3349	3074
761	4457
4366	3311
4798	5183
1037	145
5373	4637
13	3370
163	791
4221	947
3850	3854
5196	4570
1800	106
3112	4439
2680	3471
4183	5208
467	2755
1359	5350
1308	48
3571	5292
2814	4042
1446	3496
2195	4524
4272	3833
4890	4651
1591	5230
2982	1153
2969	155
5391	4290
1930	3266
1663	4597
5109	4792
1276	3921
2681	3351
2449	3105
3285	2783
4607	4182
5275	4243
2628	4033
537	1972
1620	372
1173	4893
2983	3332
1664	4494
1073	3824
3332	207
3584	5489
1698	2583
1801	109
1038	4474
164	1684
2347	2177
3430	1530
3124	1220
1760	3971
538	719
1074	4988
2753	4614
3311	2116
2466	1117
100	2141
1931	2591
5411	5232
2887	1816
3476	2490
4940	4140
3494	2382
4155	4082
5420	3699
2554	1095
1231	1311
3052	4689
1383	4306
5428	5712
165	1066
2378	4009
2210	518
2780	2160
4717	632
2516	865
4518	4087
1699	2594
986	4562
648	1013
763	235
764	239
2781	2145
3890	477
1557	1499
4907	949
2196	4558
2629	5160
1402	1673
649	316
1665	1417
987	4580
2337	2703
3188	3157
5126	556
4535	1799
4277	4636
3593	5228
4774	1144
3634	2347
262	452
3155	4717
2396	1351
1207	3453
939	3301
2555	394
2556	2096
765	5231
3451	4517
5443	5692
988	4567
101	194
5283	4110
2150	4418
2922	875
913	3962
2630	5165
3404	4487
1521	140
102	1384
3312	4004
1277	1268
3851	613
5148	5609
3363	3978
940	317
1403	3139
103	4342
5452	3662
4879	3527
1700	3315
3769	2843
941	4102
4549	1837
2682	3356
3552	1980
914	4406
3286	4486
873	940
3830	1806
1384	4554
2713	2993
3189	1635
1232	131
1075	3236
1152	5118
3477	3287
1208	2592
356	4693
3928	4056
2610	4028
805	5586
4900	1822
2211	3042
3852	2749
2427	643
4091	2106
1666	4644
4575	1265
3405	5587
2631	5066
1174	1170
4536	3903
1667	1429
3905	2426
2632	4964
1233	3135
4550	139
2633	3186
874	597
1870	2689
3287	2896
4891	3716
2634	3489
2557	1089
3091	1947
3929	5351
3008	3891
3594	4654
411	4973
1493	1866
14	112
3613	419
104	1547
1592	3350
650	254
651	889
4409	2293
2000	433
1404	1686
961	3949
1405	4653
1039	2706
1729	2837
3495	4252
2023	2543
2764	133
766	240
3585	1975
653	2440
4268	4351
3724	2265
166	1539
654	992
3125	4649
3496	3772
4992	5329
394	1858
3288	2559
4675	4642
3207	4146
1701	1057
3614	2745
2714	4533
5352	5237
2001	4459
875	166
3695	5108
3156	5224
4784	2090
1278	2653
5483	4968
3092	640
3082	3163
3313	2877
5105	5592
876	3681
3906	1053
2970	2311
3539	3955
2715	4530
1234	1898
655	288
15	136
4184	3852
2846	2453
4106	5126
656	251
1702	2586
1406	1036
167	4062
16	1494
1762	3987
2309	4604
5491	3393
469	3935
767	5386
2942	4981
1235	3617
168	596
2765	138
5217	5362
1494	1869
2847	1788
4253	5415
2197	5402
2636	3587
5020	4407
169	1678
3681	76
3208	1162
1522	2570
4803	5695
1279	1130
2061	449
768	5139
3586	3189
822	5135
2659	1795
1209	5110
3881	3281
2558	1049
769	242
1932	1035
1668	1439
4345	2902
1703	3596
3760	533
470	2443
5350	5449
4875	2897
471	3934
3497	2248
1407	4724
2517	1896
4775	5222
2660	1804
1933	2660
823	2601
1730	3425
2518	1894
3940	441
2848	389
170	1694
1763	4135
1210	1354
5506	3265
3705	3245
1934	1425
171	1664
2428	3195
3126	4064
1855	1769
5247	0
1076	2300
1669	4648
105	2514
17	2608
2637	4142
3882	1157
3364	4090
324	2773
1385	4833
2450	1255
2984	1159
915	4404
2782	2184
412	785
172	605
1704	2672
1731	4695
2101	2998
1523	1110
4926	1973
3920	5381
3033	3747
3635	1322
770	233
3333	163
3127	5254
4236	3652
1871	815
5525	4866
5259	5543
1309	1535
2716	4059
771	5387
1856	33
2263	5159
824	1082
825	1930
806	5490
1621	3810
264	3709
1408	492
3034	4721
5527	2869
3522	5315
772	4485
657	391
4941	917
2849	460
3785	1773
1447	2767
2888	873
3682	73
4273	3276
4922	21
2310	1824
18	4127
3053	5146
4989	5524
916	505
5076	4493
2379	4156
587	606
3554	1368
372	2224
2002	1593
2717	2655
3523	5269
1802	3220
658	2463
1764	3965
1310	60
1803	1519
2559	610
1175	4869
5003	3341
1765	2389
3255	3208
2815	2046
1524	2409
2602	3517
5323	5128
5542	2530
3157	2147
1019	2238
265	747
4420	517
3717	1054
5230	2417
2264	11
2923	4684
2783	1926
4331	4701
413	776
1670	1433
1354	4419
1361	4529
2683	1830
2741	4786
3831	824
1525	3292
3334	1308
3256	2343
3636	2322
3706	3764
1311	852
4092	2110
2003	122
659	511
472	3712
826	4812
1622	250
5552	3622
4176	3720
1041	3454
2213	379
395	4348
3707	4150
660	306
3128	877
3093	1949
4166	4677
2036	3448
4213	4496
4630	3685
773	580
989	4563
4478	5369
266	459
1448	2422
473	3936
2684	3355
4799	2849
474	2588
4036	2387
4379	3203
2126	5599
1236	799
588	1831
4075	438
1935	1349
1386	4589
1312	2284
2348	2988
1495	1845
774	2181
1593	4626
1936	1279
827	203
2265	4122
475	3153
2214	1556
1937	512
2742	3615
877	4038
3233	5711
661	991
1938	1297
3843	18
1042	1331
4656	3385
4792	4613
414	27
4927	1976
4410	135
2429	3908
1496	3896
5021	4307
539	698
476	2969
19	2131
2163	2007
2985	3446
325	796
2338	1051
2638	5163
1672	3457
990	4582
1078	2642
540	3663
589	2077
991	3798
1497	1555
662	428
3498	962
2502	5565
1558	1888
3190	2994
4185	4595
1498	1847
4167	3475
3786	4386
663	3263
373	2134
3555	1045
1705	2578
1020	2709
828	4203
775	238
2639	4267
3054	4675
878	2697
3094	5201
4855	5708
1939	431
776	412
2560	482
1673	4536
1674	439
1499	1850
5308	995
1706	2388
1211	3922
962	1125
2766	159
879	2400
4254	2851
2756	2868
4008	488
2004	594
3824	2493
3009	2485
992	4579
2718	1000
3708	4149
1043	165
2767	1175
478	2754
590	291
1804	114
3637	2356
4445	5213
942	1271
2467	1143
3556	943
2215	46
2451	3106
4479	4375
4292	5058
4446	4555
1766	3515
1176	5158
4894	4686
2430	2512
943	2756
1237	1948
479	3932
3832	623
1410	1749
2397	2941
829	4527
3595	4115
1313	1900
2784	2149
5559	5280
173	629
5325	3600
1559	1293
2468	2326
3314	2052
541	704
1526	3303
2503	4682
3897	1142
1387	2692
1511	5495
1805	146
4102	5676
3499	4740
2640	5167
3752	119
3289	4888
4759	4895
326	461
2062	2186
2415	3361
542	678
56	3545
1675	1446
2127	5401
3941	1974
1500	1088
963	3348
174	83
3833	876
4527	1730
374	161
3431	1381
2925	3882
3350	31
3596	3006
2785	224
5607	5287
3479	592
2519	1892
1314	56
5255	4840
2926	1236
2561	2093
1732	5658
2603	2232
591	311
2786	1731
2562	1040
1806	164
5111	3659
664	976
2398	680
2128	4979
1079	1861
1623	29
4645	4258
4421	514
175	3684
3158	4685
1707	2575
665	905
1080	128
5274	1960
2349	2404
830	3386
1081	1261
592	1286
3095	5202
3540	3676
5611	5308
4332	4880
1676	2185
2266	2536
2757	3649
1044	1778
2719	1375
1362	5166
5072	1515
993	4576
1449	2038
1624	1290
5617	3943
5554	5671
2889	1808
480	602
3480	585
2720	2881
2927	4683
5324	5674
267	55
880	1
2102	2040
1733	3187
994	4861
3615	4417
2685	2386
4718	584
2005	1396
2743	4787
2452	2395
1734	3422
3129	3571
3024	198
1315	2278
831	3056
1411	2725
4076	75
5097	231
5243	981
5625	4048
3772	2985
666	313
4448	4557
3753	157
2469	2335
777	4590
3096	1946
5393	3346
3351	3073
1677	1434
3907	471
2267	3175
4617	377
3191	1639
5626	5538
1872	1883
1501	1865
2890	202
3732	4744
5631	3640
176	498
3524	2784
327	2765
177	1774
107	4982
1239	1666
2063	3553
2152	5389
3733	2616
108	1108
4586	3330
2951	2845
1082	2645
543	723
778	220
2768	147
4760	4811
4719	641
1450	40
4255	4874
2604	3526
4153	2860
2891	1783
268	447
2164	1224
4608	5020
178	1692
4186	5373
5112	5491
3130	1915
21	1139
3290	2798
396	3771
4822	4719
1154	2019
995	4383
4237	2133
3908	3816
4249	1295
4282	2209
667	1977
5643	5699
5474	3693
4483	2008
4928	528
4646	4423
4113	4502
22	669
179	94
1083	4743
4269	4772
4347	5372
1177	3831
2520	3850
2521	93
180	388
5524	3648
4910	5256
5653	5248
1807	469
4559	3097
4283	2195
5564	4977
881	472
4624	5221
1451	2484
1708	2585
2892	1978
5475	5324
4598	2478
4484	2015
3481	1791
1452	527
1155	5257
668	327
5087	2212
2816	3537
1502	3692
1178	4745
5029	4767
5659	5238
3209	345
5049	5547
181	899
1412	1871
2563	336
3754	116
3432	1376
5661	2504
5476	5326
23	1461
4820	3983
5645	1911
4821	3982
3210	1227
3291	3428
780	5223
328	2448
5238	2665
2605	3518
5646	1910
329	301
5648	424
2470	413
2350	4709
5180	2006
593	272
4114	4503
5458	4790
5353	5327
5565	5325
3718	2472
4156	2303
5045	5397
5046	5144
2129	3227
2103	3160
594	891
833	2010
3159	3986
4037	299
3638	2339
4348	5255
2268	561
5061	5236
2104	3167
4657	3780
2564	1074
4284	2203
5431	4310
4756	404
5566	5328
5305	2211
5477	5131
944	570
3696	5241
5410	5102
3501	1263
3292	2797
4365	4764
5210	970
1767	3672
4285	2187
4103	1210
4492	3217
4658	3782
3452	4519
5669	2600
5181	2027
2611	4346
2595	5215
1179	5235
4485	555
1992	5132
4732	2468
3616	2719
4038	3284
2787	1001
3211	1231
1413	1390
2105	819
4422	490
3909	3111
5679	4365
5328	2721
1527	1141
669	2505
5234	4875
2080	5029
330	2960
2351	2674
5397	1531
4877	4228
4168	4676
1808	3224
2661	2733
4755	4037
2081	3443
4395	3680
4993	5203
1240	1269
807	5613
834	2814
1021	3786
3794	1656
1156	4898
2817	4298
1710	186
2895	2895
5010	3973
5697	5009
5174	5050
182	1697
3010	3897
5711	4934
4270	4047
415	769
4367	3317
2064	4008
5009	5266
2565	1055
4667	4007
1857	59
2311	3871
2896	1796
5518	805
4636	213
5723	4837
2025	2619
481	3933
2082	3024
1453	2972
3709	2878
4444	4542
1316	4046
5453	3665
1836	3115
5246	2412
2352	22
3558	1369
3942	282
5736	4213
4942	4277
3150	5197
1317	4199
2399	302
4432	5060
1180	5200
2216	2829
58	2403
1212	368
4359	3945
4250	2491
2217	1624
5077	3138
2037	3592
3639	2357
5068	3888
1528	1957
597	308
4493	1877
4025	4915
482	1833
4761	4068
183	1099
5517	2671
4003	1982
544	732
1414	34
5239	1201
5143	4598
3985	808
4921	4863
5699	5008
1388	3244
3257	560
2166	646
598	334
109	4757
1415	2494
3011	1135
3213	1150
4880	4050
3725	1506
5041	5478
1940	4052
2312	3089
1355	4656
3734	3171
2662	5005
3921	5691
4804	4841
4765	1753
2167	2020
4985	2840
2641	5293
1416	199
2026	3429
2027	2552
3720	2975
4052	3974
5704	1984
2400	1809
3025	4422
3071	4091
1874	788
5495	5669
2952	1544
1875	2817
2721	4839
5765	5092
3056	2065
4424	4080
3672	2859
270	2100
3077	2801
5769	3666
3922	4737
5429	3658
1837	1929
3366	1627
3427	4238
5125	4371
331	2396
5579	2788
2028	2080
3986	3549
2269	3353
5492	4138
4593	3619
4222	2744
3406	4704
1157	5332
4187	4592
2818	5394
4333	4712
3773	2990
3234	5432
5571	5610
110	333
3235	5431
3598	3050
4326	5359
111	3216
2131	5632
2722	4541
781	4696
1594	2759
1595	2999
4809	4553
3012	5170
4013	2014
1084	3826
2218	1582
2198	4270
5666	4669
5050	5689
4188	4594
5445	5654
3697	5492
3352	4552
3407	4622
5159	5694
1596	3000
3408	4625
3409	4619
3774	5572
5582	5493
3410	4547
5541	5496
2169	2597
3411	4624
4480	5368
4712	5672
4014	4730
1711	2595
4015	4511
2199	5638
4334	4706
4560	4980
4672	4630
5386	5553
1389	5268
3412	4643
1597	5558
357	4623
1181	3231
4171	4663
996	4359
4189	4596
358	5380
1363	4801
1678	1658
1679	4538
997	4583
1390	4698
5267	5710
3236	4646
5314	5644
1085	3825
546	188
1159	5574
5544	2825
4794	1447
4836	5693
3414	5696
1086	3200
1598	3048
4692	5438
2723	4532
4172	4674
998	4593
5545	2826
4676	4645
5493	5697
5797	3719
5798	5670
5149	5605
5066	5557
2431	2458
3237	5384
1087	3001
1680	3003
5583	4688
999	4575
3238	5430
2170	2029
5800	5031
1681	4650
5801	5447
2508	4634
1160	2684
4130	3045
2200	4679
4840	5507
416	5589
1364	5616
3526	4985
5387	4377
1000	4501
3502	4581
5447	5420
5022	5502
1001	5347
2509	5619
2510	5412
1599	5418
1600	4611
1161	5148
4201	3951
3698	5709
4762	5379
1002	4571
112	3007
808	4534
4810	4551
5809	5567
113	295
3415	4647
4806	5520
4465	5568
3240	5677
3587	3190
3131	5279
2511	5441
1089	3827
1391	3572
4372	3657
4104	5580
2819	4387
4373	5410
1090	4987
1091	4986
1737	5527
3775	3004
5113	5536
809	4680
1601	4620
417	5597
2133	5631
2134	3044
2724	3052
4016	5032
3735	4664
1003	4389
2472	1105
5812	5571
2135	3655
3419	4546
5787	2650
3700	5624
3673	4660
5448	5421
4857	5593
3599	4591
3776	3002
1941	3134
782	4976
5165	4388
3814	1444
4335	4376
1004	4584
5656	4509
1241	967
5567	4631
5051	3049
2612	4618
1417	5282
2473	1118
5106	4606
4406	5533
5158	5648
5580	5618
5774	5700
3454	4705
5725	4672
1162	4975
5425	5403
5197	4578
2136	5598
2137	5633
5220	3046
3242	4629
5687	5391
5657	2026
1164	5378
5444	5422
783	5349
2201	5640
3924	5569
4713	4635
5263	5668
2202	5642
2106	4399
2270	4304
2138	5600
3293	4886
670	2465
184	4095
2038	4026
1455	2986
4519	5544
4561	5344
2271	2235
375	3757
5182	5457
2039	376
3083	2246
3617	4856
3721	2070
836	2240
5802	4815
4901	1835
2567	857
4131	4782
5075	3632
4509	1073
2642	5182
2474	1102
2219	4999
4714	4909
2897	2863
2220	932
60	4621
5115	5316
4867	3014
5423	3843
114	356
1942	2196
3160	2687
4239	2047
61	3523
1092	4320
3243	4906
671	1418
784	557
3987	2076
5818	4817
882	4075
3600	1328
3113	2865
1182	1862
785	3337
4214	3099
2203	5488
4551	421
4177	2538
2107	633
185	1715
1625	1317
3434	3551
2040	4024
3943	1401
4157	3614
5464	5437
600	2716
2416	1107
1626	2249
3013	3477
4757	405
4708	5034
4520	2309
4083	4003
2687	2251
3618	541
547	682
2065	2842
4976	4308
1093	1500
4017	2522
2171	1377
5192	4373
4995	4746
4503	2626
5760	4480
1738	3460
5403	4956
5152	4520
5501	4780
5717	4941
4133	2673
5623	77
4084	3286
5714	942
4626	5113
4315	2239
4467	1626
3726	1058
5042	3944
601	305
5663	5063
2643	154
1943	2630
4296	2206
5442	4403
1602	3387
2769	3520
419	778
3258	752
5830	4107
186	1703
4004	4101
4647	3252
1877	2916
786	4292
4027	3830
1627	4
2663	2905
4876	577
1603	4230
2172	2676
1739	1541
2432	3913
5079	2700
5383	4214
4226	848
5591	3347
2108	520
3892	2489
5089	5514
2139	5245
5473	5335
2971	2296
1628	495
1878	2818
5838	5304
1810	3230
1280	3920
4018	2535
3787	4185
1769	395
4816	1733
2664	1487
187	1708
1581	4051
188	812
2665	2949
3294	357
4547	2934
917	2952
787	221
3161	3067
5240	1194
3503	3598
4828	4190
1944	2901
1629	4045
5092	1844
2221	858
1770	343
4026	635
1630	2272
3668	1233
1318	2281
548	726
5470	4920
4064	3432
2433	3912
189	2128
3458	1760
1094	2135
397	1262
3702	941
4425	380
672	2434
4396	3697
376	1283
3960	3541
190	1698
4832	1186
2475	2334
4178	2236
2523	1887
3162	2107
4945	4990
1095	589
4648	3241
4327	955
2109	903
2417	1225
2354	2940
4119	1456
1771	3967
4562	5225
4814	5015
4240	532
602	4096
883	8
4668	179
2222	1545
3315	494
3641	2383
1183	2539
2083	2060
2223	1551
4329	4728
1604	1240
4963	3749
115	1468
5127	2406
5135	2319
4933	3594
3035	1332
116	868
2476	923
5299	3647
1740	3461
3244	3723
5668	3701
1530	3296
4673	4410
5062	5277
4758	415
3482	1789
884	3812
1319	50
2041	996
4053	4776
5265	2269
2943	5504
3259	746
191	1599
1561	1723
2928	2123
4241	582
673	2446
4108	3606
3619	562
5118	4385
4967	3769
5450	4248
4734	5436
3504	5040
2273	2197
3529	2202
837	4907
1945	2946
603	3856
4175	3866
3642	406
2898	1176
4902	4836
484	3876
4217	92
5581	5620
3930	3756
1946	2508
5347	2421
1096	2633
2688	3172
3834	321
2355	3125
4908	1294
3674	4945
192	1682
2313	2183
5598	3846
1682	1428
332	2961
2899	5096
1184	4870
1811	1558
2477	2328
674	886
4618	354
5136	2602
2666	2929
1741	1569
1457	534
5326	1907
1879	1581
1243	553
4563	881
1772	879
193	1713
788	243
1185	4727
4411	2708
4786	1914
2173	4241
4304	2360
4881	4405
1023	5311
2174	552
2043	4734
4085	4005
3862	4223
2401	2885
945	4330
377	2175
1880	1068
2478	1803
5855	3621
2453	4504
5856	3800
5215	5036
5290	5290
3114	5338
2770	2766
1458	3928
5163	5662
4681	2221
2987	2143
3260	264
4699	530
2356	604
3163	1258
3295	1453
3164	2956
3620	4938
4823	4722
3727	5038
1320	2288
1321	2264
3132	4349
3455	4283
2988	385
1605	332
3621	3218
194	416
4513	3474
117	1059
2314	1145
1186	1109
62	3554
3736	392
1531	3302
4349	3870
2725	3889
4521	2327
2402	2025
1606	5151
2044	4022
964	4516
4134	2668
4078	1759
1418	1696
63	4694
4637	3070
2568	4894
5829	5284
5660	3864
118	5136
5309	4354
4339	4716
2851	2455
1097	1961
4694	3102
5235	4236
1947	2180
1858	61
24	708
4242	5211
3296	3246
4316	5517
195	919
1881	2917
2479	2048
2224	1546
3910	3958
1024	2258
3193	1607
4190	2727
675	1229
2820	5301
4957	3858
3601	1166
4868	78
4135	2540
4654	5276
2357	2130
2418	4183
885	1121
420	4446
4362	5429
3643	989
2140	4079
2380	3873
5415	1999
1882	1039
4709	4317
4721	659
2852	578
5426	4305
4929	603
676	2437
605	953
1166	5577
5658	4510
3622	4949
3335	3985
4260	1557
3795	1187
5030	4194
5539	3714
4768	3166
2524	1885
3871	795
3911	4897
1562	3436
1365	4802
1187	3071
271	3529
2175	4960
2045	3595
4619	402
4522	3064
677	890
1631	1562
3380	3173
1025	3467
3215	1234
4710	2921
4307	4942
2667	3525
1419	4834
4638	2329
3014	2425
3133	871
5221	551
1883	2159
4838	5253
4434	3625
2689	3352
839	4209
3644	2341
3459	1009
2274	3055
5416	3506
678	2460
2569	1763
5804	5604
2084	5027
5521	5683
4903	5100
2435	407
4904	3318
4457	1473
4158	2521
64	4889
918	4633
5189	2488
5624	79
3944	2486
4450	4559
119	774
3042	2724
2606	1802
1948	1618
65	1027
4011	2732
378	2571
3788	3803
4537	2958
1188	4505
3912	3502
4120	834
2944	5178
4986	554
679	296
4191	1466
66	3703
4934	5069
379	4071
2853	351
2046	4123
2358	1610
3872	1983
380	529
1812	422
3645	2385
2029	2109
946	1260
919	3544
3043	3879
5103	2500
68	2475
606	2256
3165	2253
4569	5114
1607	3861
1712	2584
4889	2266
2275	4170
2276	2369
4916	4250
2821	3691
5345	3946
1838	3832
3216	1239
4256	4254
3623	1253
1322	1928
485	3144
5404	4370
5100	4768
4917	3092
3541	3148
5799	4232
3057	997
2644	571
1563	1485
841	1078
4958	3848
2726	2423
3761	4054
196	4890
3624	1979
4682	358
2381	2593
2607	878
2614	3250
1773	1479
4905	4930
5406	5423
3435	3156
947	4221
5454	3660
1632	1916
4257	5458
2047	3455
1098	4741
4973	5629
4079	1757
381	3441
4829	2828
3015	3324
1582	255
2480	1621
3893	3836
3815	662
1026	5270
1027	3465
5093	2534
2316	4599
1099	4021
5179	4753
3115	1766
607	253
1884	1192
4093	4035
1774	2121
2615	5150
2419	2730
197	1704
5116	4226
1214	4952
2481	1101
680	1358
4883	1970
333	2959
549	386
5435	2822
920	2127
198	806
2645	925
3542	2363
3530	214
2176	1642
2359	19
886	3278
1633	4382
2646	3519
1532	2922
4494	1874
1885	2923
3166	2126
2647	539
3194	2017
5064	5509
5017	2854
5102	4284
5878	3875
5568	4628
4261	2220
199	2563
3167	2301
3058	2064
4510	1037
3353	2302
1813	340
2648	5181
4811	4548
3961	4825
5211	1008
2771	3100
5672	4124
3423	1016
4898	2053
3381	3289
921	5212
5412	4491
382	1650
3168	2771
5344	4814
1634	4044
5667	5530
1949	3411
4604	4207
5138	355
3602	1168
4862	572
2048	1172
608	3970
2225	1572
2945	5219
2788	2154
2608	3512
5468	4506
3505	3456
4687	497
5071	1480
3988	759
1886	2919
272	434
3262	745
5300	5196
3962	4255
4243	2679
789	237
3914	210
5056	4442
5222	3029
3195	3863
3078	3690
120	3215
5893	5680
4979	2307
2317	4605
1608	1931
5767	5226
334	2139
5031	2908
3531	2057
1775	3968
1887	2913
1859	52
4353	2698
4649	2005
2901	1050
1713	3407
1776	4169
5874	4910
681	896
1356	5539
4576	3383
1888	2924
1609	5561
1889	2712
2617	2933
3506	4853
1777	4017
4639	414
3507	5022
3217	1246
842	1620
3336	921
4523	5411
550	38
3297	4851
4380	3205
1323	68
4381	2219
2973	2658
5250	1267
4340	855
5504	359
3218	1244
3835	1496
1950	1340
4244	2683
1167	945
3059	1491
3060	564
3219	1249
2929	2991
5227	4550
3915	3507
1890	2926
5642	2273
2277	5199
682	262
486	3307
4305	2086
5651	408
3170	3149
4192	620
26	1937
3710	3696
2278	4901
5895	4181
3508	4323
2049	2119
948	4447
1778	5115
5861	3129
843	4235
1533	1158
551	375
4780	3468
5340	3222
2110	744
683	2436
5405	4957
4258	5068
1750	2503
4722	2136
609	266
4812	1458
2855	2487
3989	3285
844	1270
1714	2580
4259	4991
3386	2250
3532	3877
4997	5037
2856	2308
1503	1559
3946	538
1245	545
3625	4823
200	1701
3899	2861
5184	2243
335	1222
3036	3791
3947	964
1366	3068
3948	2492
2525	642
2668	5006
4136	3651
3298	1826
922	1481
5897	5285
1534	3229
69	3588
5330	3605
4137	4791
5685	4108
4660	3503
2902	3842
5190	362
4683	2215
2420	4989
1565	1047
4039	279
4146	91
5251	1266
3354	3080
5898	2909
1860	2337
383	2255
3963	3469
1100	4352
2669	1811
1459	540
121	1683
3061	1205
3460	1188
1101	2103
2483	347
201	1257
5266	4978
4650	4188
4620	352
1814	1347
336	4016
1102	2643
5529	5643
1566	3440
5139	2084
2279	2517
4689	4544
4747	1991
1751	1042
2789	1245
423	754
923	3076
790	4453
610	330
1005	3688
1891	2810
3436	1470
487	1597
4086	549
4690	1471
5845	2234
2570	396
3509	4873
2974	2501
1215	3219
1567	1497
27	4126
70	3558
3949	843
2382	579
4651	2870
2571	371
4577	569
2318	581
3646	2351
28	4128
2086	1247
5463	4103
965	567
1951	1111
5241	1197
2618	2381
4998	5039
3084	1807
2226	1560
4202	3535
4968	1514
2050	4019
684	2462
2670	4312
5900	4477
5313	1309
5252	1250
2421	1020
3437	3178
5270	4247
5008	5112
1744	349
4776	4638
5621	5305
3950	3329
3964	2930
4019	559
5820	5297
488	1217
489	1550
2649	4715
3355	3065
122	2520
2360	1745
1535	2324
3807	2701
5857	1906
2383	658
2991	4189
29	5095
2010	2120
3789	5262
5706	2976
2177	1998
3561	1521
887	1426
4631	1477
1103	2111
4524	411
845	1619
5738	4788
424	4111
3626	2062
2066	1657
3263	757
1892	988
3510	5021
3367	1148
3951	3620
490	625
1893	3607
1028	3959
5837	627
202	2973
4935	5003
4700	1989
2422	4687
1246	946
4350	4616
4936	3593
4850	3261
5059	2391
5438	2894
5707	2717
5817	4940
203	2955
2857	2101
4138	4257
4851	410
123	4564
3461	3715
3098	1953
791	3145
2572	382
888	652
611	274
3299	3028
3965	3561
4451	4452
1610	4508
4341	1465
2484	1081
5436	5154
2280	409
4262	1540
5557	2199
3533	341
4054	4332
4885	3635
204	1714
1420	1336
5372	4610
30	3194
4632	3251
2671	654
3952	1392
688	2680
2178	1334
71	3030
1189	1923
1635	1454
1894	2918
2573	387
689	1214
5649	5204
3099	5024
4012	2707
2485	742
612	322
1779	5116
2526	418
4640	1636
2672	3524
690	217
1683	1432
792	5051
3116	5099
4969	5334
3316	870
5043	5012
4735	4804
5171	2857
205	1688
206	2098
2619	3464
5819	4816
2281	4172
1752	4725
207	1093
5627	4160
72	5414
5193	1990
2282	3608
3264	758
1460	2344
4990	5579
2384	5103
208	1691
2486	3112
847	2848
1611	4237
2790	2793
1281	1124
1324	1235
5319	3510
3044	4923
3265	537
5176	1478
2361	565
4766	3901
3135	2210
691	4014
3062	2061
4949	1781
3627	2726
3511	5025
1568	2241
5015	4818
5067	3796
2227	2866
426	1113
338	2893
5341	542
4389	4224
124	2118
5871	4911
2087	2957
3738	2605
2946	4084
3953	1402
4688	474
1536	1292
692	793
4486	4953
4633	4159
491	30
1815	3243
1104	2138
4748	2063
1780	4168
5140	3682
3628	2729
2574	1338
5254	1264
5399	4299
4842	2838
3603	861
5202	2370
1247	403
2111	2034
5530	5137
5858	5342
339	3770
1993	3072
4328	5258
1248	2318
2319	4222
3572	508
4351	3165
5906	3119
1895	2172
5288	5532
4308	4944
31	2016
5821	5298
4452	4378
2142	5106
5523	5445
5907	2259
3016	4765
2975	2112
2976	344
4069	5074
3266	277
5451	5653
966	2000
2112	4191
4817	4789
427	756
3267	741
613	309
1367	2661
3836	869
209	1709
4661	3780
5053	3758
3675	3463
1105	3091
5910	3585
4843	4835
5142	4568
1190	4143
3676	5065
1839	830
4028	2087
2385	3248
3268	768
5389	1200
275	5048
5715	853
3931	4077
3863	3451
4815	4951
5117	4838
3690	197
1249	2024
384	3755
2088	7
3080	1146
967	4714
614	893
1368	3078
3512	4872
5331	3641
1216	4932
1504	1855
2650	1827
1952	63
3100	1313
4701	2114
1816	169
848	3855
5016	20
2487	1096
3790	5261
2930	645
5119	1842
3220	1241
3483	193
5485	3168
2992	773
3171	1272
1461	2856
2977	2011
2143	4384
4354	4750
2858	765
1684	1441
3797	2931
5086	4231
1325	2289
2089	4766
32	4134
4553	5155
5351	5286
3246	2018
4455	3113
2651	5271
1106	1006
1107	4355
849	1501
1817	2944
2179	95
5052	4783
1369	4177
1250	2778
552	715
4621	342
3390	2188
5652	3085
3356	2722
4528	3060
2690	5046
492	850
5915	3744
5916	5278
5921	4482
5923	4484
3101	1942
5380	5314
5922	4483
5925	5501
5890	5195
4841	3359
4753	790
1896	4053
4570	2372
5778	5554
5929	3633
1953	1298
5381	5016
34	2336
4397	183
5505	3752
125	5406
5930	5479
5526	4864
4374	5591
5770	5356
3647	2207
2953	5466
5555	3717
5546	4809
4853	3751
5333	5476
4227	826
1393	5405
428	1843
3269	753
3026	5377
1109	2408
3063	2659
5628	5626
5573	3445
493	1226
5513	1411
4702	2257
5808	4813
5942	4341
1897	811
2859	2507
2436	3907
5301	4451
5945	3748
4336	1800
5779	5555
4193	4587
4971	2469
694	269
5937	3763
2954	228
5947	5313
3117	2938
4777	4794
5924	3741
5949	4935
2052	4015
3808	3960
1110	3497
5780	5622
553	721
3102	1935
4763	4810
4750	4488
4982	5404
3438	3180
5881	5319
5223	5395
5664	4955
1584	524
5933	4175
5950	5628
5951	4936
5078	4492
4056	5187
5382	5470
2691	5042
5948	5312
554	4006
3484	915
4303	1374
3629	2561
2423	2855
4023	1516
2403	3312
2320	4602
1818	1363
74	3562
1251	3270
949	1422
3900	3872
1045	2033
2791	127
615	2450
5144	5647
695	1012
1898	2815
4589	1716
2727	1325
1168	5330
4040	2518
2728	734
3270	293
2993	2723
4507	3247
3916	2943
494	5133
3439	1383
2822	4295
968	2373
1191	1927
1505	1851
2153	5094
3420	4374
5424	3630
4652	4421
2823	5192
341	2348
1612	1993
2824	3430
429	483
1955	1276
3421	5500
2729	369
3990	817
4390	5460
696	2432
1282	1119
430	764
276	1002
342	760
126	2349
277	856
211	816
5421	2836
1569	1486
3864	2786
4564	5026
2011	5352
555	701
4514	2839
4565	2772
495	2247
3854	2751
2903	814
851	1553
4041	2410
4886	3098
3837	3919
3954	2481
1252	3918
4899	547
1326	626
4670	737
1111	3821
5498	3760
398	836
4099	2189
1819	2876
1007	4566
2861	2451
1112	2634
2730	4275
2363	3043
852	4736
5257	2604
5296	4445
2955	3835
35	4129
2053	4018
2772	4326
3337	920
3648	265
2437	3528
2692	2596
1899	2977
2862	4212
1537	3101
5503	4369
3649	1393
2528	631
1840	468
5166	2827
1113	3262
5028	1602
212	1676
2012	248
4909	750
75	1356
889	867
1538	2068
343	748
2013	2104
556	329
3317	1996
76	2835
2283	1813
1956	3141
2228	473
4495	1726
4139	4824
2303	5274
2792	3542
4020	3088
3573	2366
1008	4344
2793	1741
1820	1329
1114	3058
1421	3395
5956	4639
213	1661
3739	2611
697	2428
3971	4415
2673	1167
3196	1651
3463	609
4671	365
5750	5336
385	2228
3955	74
3651	2044
3604	3710
496	1603
1217	5191
3740	2609
4057	4269
1539	2764
3464	1762
1540	4832
1327	4274
2994	2526
1685	3459
698	1075
3072	1455
2284	1289
3338	930
497	44
2529	1424
4603	2624
2773	130
2825	3142
1328	1069
5605	4788
3543	2524
1781	4066
5430	5171
1115	2640
1541	3062
3966	3667
77	2280
36	323
5306	2819
1283	2787
4695	4157
2180	1735
2956	182
5764	979
3972	2654
386	513
2438	1360
278	451
214	1665
3339	2618
431	783
498	1604
1900	1724
5741	5259
5533	3400
1821	168
3763	1529
3873	515
127	3214
1116	4742
951	3283
2530	1897
2229	4176
1745	3026
2575	2083
557	681
1422	1881
1716	2579
1901	1740
2652	3039
2488	1076
1637	3802
3652	2355
1822	1314
3562	184
344	892
4808	2059
3300	3023
4947	1777
3741	2612
1117	2631
1284	794
1285	2371
1046	3895
5224	5486
1286	1070
853	4225
37	1710
4728	2966
2693	2427
4865	3577
1253	3616
279	4220
3017	1149
616	3483
1957	3410
1570	3575
3973	4139
5520	5585
5516	3556
699	2804
2576	367
5721	2651
617	335
4413	2291
5434	1391
969	3137
78	1018
215	450
1423	1032
3383	2820
4228	837
4141	4259
1958	1273
4496	526
1287	337
128	782
813	4826
890	644
970	2598
3136	5374
5892	3083
5737	5296
4342	1476
499	3419
4021	4662
891	4058
854	4155
1585	3131
3318	1275
2957	1370
2731	3040
3588	1965
4468	3169
1425	124
700	965
4319	4887
216	1092
3991	1623
2181	1353
217	957
1118	2832
3826	192
3370	4060
2230	1573
892	4752
3103	1934
280	446
1746	2834
3589	960
2978	2502
5514	4364
1426	470
701	307
1255	2498
5613	5309
4818	2527
4360	4219
3221	1216
5593	4731
2014	487
3653	2342
5297	4293
2596	393
399	5428
5004	1287
2531	523
3683	1339
4246	1924
952	1350
2285	3081
5320	3433
3319	974
1119	1341
558	717
1542	3295
3605	1163
281	2231
2904	2758
2286	3566
4161	453
3104	820
4983	4249
5199	1365
2620	3493
559	691
432	1022
2489	1114
38	3372
3485	4074
5549	3668
4306	4282
560	728
130	2482
2958	2055
2404	914
1120	4287
5875	4884
1121	722
702	894
3272	256
3742	2418
1959	1994
2182	3849
2154	4617
4678	1415
4042	249
3028	3766
1329	2275
1747	3414
2577	1071
3029	2790
3855	2762
4578	3150
39	1413
3320	872
3321	1212
3486	496
1902	1566
5762	4216
4110	90
5080	3128
4778	2365
2532	787
283	1797
1841	4260
3465	4588
5379	5413
5260	3374
3371	1968
3722	3886
4043	3948
1861	35
3064	3342
2905	278
893	3813
1427	257
4770	2021
500	3989
618	208
3564	2799
5131	4368
3755	117
2931	2980
433	241
3856	655
793	4085
2774	3020
2864	2936
3065	3807
4414	2299
703	286
1903	1583
4767	3904
5242	1191
704	2449
1192	2261
5968	5552
4205	3954
2231	969
953	1563
705	887
620	5217
4664	3779
2674	261
501	1828
2744	735
1122	2294
3105	1954
1463	1359
2533	501
4924	5339
2694	1638
2578	4441
2579	1052
4111	3288
4605	3581
131	2456
2386	4913
3018	5168
5585	4803
2015	5281
2621	4025
2906	3841
5346	2568
5114	2887
1123	4132
4427	4088
4117	2030
3565	3784
4197	3059
2597	2368
5537	5264
3138	1024
5285	4280
2959	1633
1961	1301
2865	1933
2232	1611
2439	3193
3764	374
4590	436
1686	866
5348	2416
2424	4350
1962	1302
3322	2122
2794	2148
2960	2564
1823	1747
5374	2398
5584	3255
2866	2433
1687	1414
3222	1228
2490	3664
2907	80
345	1315
1193	846
561	705
2287	3015
2288	1629
2233	1543
2183	1435
1289	1123
2995	1316
40	4807
3809	3114
1125	525
4736	3240
4835	2803
5467	3713
1126	2812
4789	1925
2795	2164
434	766
219	1091
5970	4896
5256	3223
5540	3120
1824	3470
3106	1950
5826	4367
4218	3258
1330	71
1127	2629
2796	2158
2797	2105
5318	883
3323	2554
3992	3084
5754	3191
502	1342
2017	685
1572	1917
4696	175
5972	3548
4781	5098
4771	1299
1963	2407
503	1184
3030	3765
4959	2920
2115	2037
1904	2811
5303	4450
1009	2637
4009	98
504	3865
5129	4854
1964	3406
3513	948
4864	5596
1256	2315
5733	5295
2234	4211
3372	4063
622	320
2116	4229
3139	5120
4498	1880
5023	4905
3223	1238
220	3484
1128	1219
221	804
2909	364
3765	2413
5899	3533
435	777
4602	5634
2365	798
285	26
1464	2970
4437	4358
4391	4892
706	3860
1291	1129
2799	2942
855	2690
3838	599
3691	1451
856	4473
2235	2312
1218	2039
5957	5612
1573	3435
2580	390
2867	1221
3199	2031
1129	3914
2581	1717
2236	1552
2582	2085
2184	1457
5205	3181
1292	1438
4121	2317
1905	319
794	4603
4872	933
2534	1895
2155	4735
1293	3923
2732	4525
2289	1291
4148	5049
80	3555
4361	4276
2535	1517
1543	3308
4010	506
4795	4097
3172	880
2237	5054
5883	3340
3273	761
2910	1798
2018	2652
4641	3557
2583	503
2800	3375
286	3597
2290	2699
5500	5105
436	303
4819	1409
4320	271
3324	196
437	479
3173	3159
1906	1492
3340	3280
2068	2677
2440	2874
41	312
3325	2746
1544	4831
2454	5000
5377	2204
4206	3859
132	2
4827	3378
4918	3293
2069	3124
2238	1609
2733	2565
3778	657
1465	1613
3279	2510
3580	1038
1907	2439
3440	1387
3019	1834
1965	1305
707	283
1545	2666
2536	437
708	2444
1862	39
709	69
2695	3063
1194	3892
3977	1131
4251	478
3993	3290
1908	1617
4058	3485
3857	622
1195	2282
3575	1548
42	650
287	2002
924	1436
1638	3036
133	2912
5691	3785
288	2227
2070	2156
1843	1879
1688	1421
710	328
2537	481
1466	1323
4852	3511
2204	5641
3073	2163
3932	4454
4579	2542
4504	2620
134	2770
2868	218
1428	1326
2584	401
4207	703
711	268
135	716
925	4400
4337	2713
2117	2761
5219	4300
1506	1867
4230	849
3606	3335
562	683
3107	1524
222	1671
3875	363
795	70
5919	1371
712	297
894	2353
4729	3979
2869	994
1507	1508
4194	4561
3865	3838
2911	185
3994	1423
289	444
1639	191
4730	464
5864	5307
2932	85
1467	82
3590	1765
3654	2350
3798	1631
4423	499
3866	3009
3326	173
400	922
2491	1060
624	536
4499	831
2585	1094
926	3017
4415	2298
895	287
4358	4137
1640	2441
4087	2623
81	2678
3200	2032
4895	1725
1468	2066
2870	2515
1966	3424
1641	2577
2979	1213
1257	543
223	205
136	3037
4911	4178
1782	4162
1967	617
3327	835
3487	2715
4642	4119
4566	2314
4438	1463
2962	2760
4749	4034
2366	686
2441	2435
1047	1585
1574	2669
3280	607
43	927
4837	5625
2826	13
1130	2306
2538	1886
2321	823
5849	3788
3373	3282
5054	2891
3031	1962
3839	854
137	651
713	591
3141	3631
1825	2511
3441	3176
1909	2809
714	10
625	370
290	2649
1642	2688
1394	4666
291	466
4538	259
3581	99
1131	1986
4162	608
292	2226
2090	3334
2947	3964
224	1663
225	1207
3576	1419
1968	3143
4960	3032
1331	49
857	3309
1132	575
3442	3199
1133	1721
1969	3420
1134	926
2996	521
1048	373
1258	3801
2871	1649
3391	1901
5055	87
226	4997
954	1912
2442	3915
5459	5242
4737	3233
505	3177
1970	1985
293	454
4369	2367
1863	42
563	666
3374	1836
5905	5249
3810	3326
1010	2003
3995	1992
4938	5142
4287	2192
2030	3947
2339	4476
1469	966
3274	767
5286	4098
1826	842
227	1699
387	2987
2622	4020
3669	3975
5480	4278
2239	3174
4044	4338
1643	2625
4299	1033
715	310
3743	2614
5828	4992
4954	2557
44	1122
2240	4771
3677	4092
2761	5001
5336	4239
4195	2823
5385	4652
4665	3778
4355	4908
2827	3234
716	813
2801	4808
1910	2012
228	1668
3566	177
2241	1538
5167	3997
4731	1625
1644	2833
4461	1394
3020	707
896	4073
3032	1959
3488	3579
4072	1274
5037	3508
5597	4327
2802	2170
5964	3679
4964	973
1135	2009
138	1304
1911	937
564	709
506	1608
2872	1525
3858	1004
2291	862
2623	4030
2443	2574
3978	3206
3859	2738
717	2459
4984	5252
4610	3257
2292	3601
1645	2841
1259	3530
5824	3722
5226	5073
2293	4171
229	885
4987	2890
507	1591
1575	3418
2242	1580
438	772
3224	1164
5044	3345
3844	1761
1470	535
1971	2662
5920	5300
1332	64
1689	1440
1196	3031
3489	916
1972	2411
3515	1084
3225	1202
388	1209
2387	3793
718	800
1471	2968
139	2092
5258	2551
4830	3868
439	3818
3591	118
1827	3022
4208	3950
3467	2743
2934	3392
4980	2304
1136	3820
5543	5190
2873	1737
565	671
719	300
1137	1653
1260	2915
440	1565
2675	2720
4330	4218
3840	2875
1138	1174
1646	2914
2322	1659
720	4013
2935	2352
5978	5343
2829	2853
1973	3415
3516	3869
1030	3297
231	1690
2539	178
3490	3013
4686	1612
3301	1352
4475	4749
721	1282
2830	2091
1333	65
4500	176
3678	2862
5531	5173
5744	2711
2936	789
3247	4627
4356	2519
3956	1748
722	1386
3534	3977
3201	1655
5713	2911
2874	2429
1912	427
2118	1510
3491	913
1613	4117
5279	5601
1294	1532
3384	2424
1749	4065
2295	3504
566	2844
2963	2774
723	325
2185	653
3781	5321
4643	4202
858	2886
4401	2560
1974	4197
1430	576
2367	1511
5203	2358
5683	3563
5969	4340
1472	2393
4392	4076
1975	2262
508	911
1049	1554
3658	2345
2912	1399
1050	1812
2492	100
2964	1400
4469	353
4912	4319
5048	5497
294	445
361	821
1334	1641
971	2556
724	5
4611	1493
2368	3762
4723	647
4180	3377
295	3272
725	1507
296	792
3811	2741
2405	844
4653	5184
4666	3256
1139	4379
5355	5518
1335	2058
297	864
1169	4523
3679	2004
1261	3514
3081	5043
4378	1100
298	426
5569	5345
5833	2237
1197	762
3226	1242
5748	3874
1370	4113
5195	4793
3535	24
3659	2340
5708	3118
346	1403
299	435
5982	5152
3174	1770
1718	3409
3693	895
3660	1594
5088	1966
5680	1963
5294	1181
2119	485
4505	2617
5070	3426
2803	2157
3037	5111
401	4094
4209	727
1783	2734
1295	3924
5980	5299
3607	860
2804	4288
3517	3857
4279	3603
3518	1343
1976	3140
5361	3531
3608	1171
1262	2362
5768	2775
3444	2397
3957	2495
2997	2142
347	2704
3227	1161
2406	2889
2323	4609
726	987
5264	5358
4288	4848
2245	825
4470	3570
1263	696
4874	4041
3670	3754
232	931
3424	4993
1647	1280
441	743
2875	1767
402	200
348	2431
5478	5125
300	58
4580	258
5081	1345
4738	2805
2296	3599
2913	1839
2831	2405
3791	2880
2676	2415
4591	442
82	3559
5839	1484
3818	2632
727	2932
3812	1310
927	4882
5186	4867
4622	383
1431	4929
796	3018
301	284
3998	3546
2980	4078
1337	2286
5662	4396
442	770
1913	1252
1690	1412
2587	1056
1264	3916
859	2800
5327	1846
2876	639
1864	1046
1265	4072
3800	9
5640	5562
3341	664
4897	3789
5963	4995
2697	3253
4231	838
4988	2900
728	298
2246	2151
509	3937
955	4331
5803	5446
3175	611
2297	3188
233	1705
4095	3809
5841	3590
4674	3041
4471	457
1648	2483
4487	3207
1784	2850
1140	3183
3375	5227
5277	5566
5384	5639
141	3204
1338	36
729	902
3876	4827
5168	3132
2407	2533
3744	2606
142	1498
3067	4109
567	670
5690	3343
2247	2506
234	961
4501	3591
2248	2996
2120	1640
2698	5045
730	263
3387	4925
1371	1355
3342	929
235	273
1546	216
5953	5484
2734	1752
4223	2742
2998	1043
2699	1958
2389	2992
510	5007
143	1303
3202	1398
1339	47
2878	2947
5035	2664
236	1711
4150	1003
4321	1083
1142	1467
4309	660
2832	2075
2186	1645
2071	3116
5169	3012
349	2794
928	4372
897	3612
3845	2830
5986	5516
443	736
5153	5606
2588	189
3567	2796
4289	2193
4567	5494
898	615
2444	1277
5984	3753
2833	86
1547	3310
1474	285
45	1173
403	3952
302	81
1475	1408
4045	3221
797	1744
1548	958
1719	2200
3967	3694
2187	2544
5884	3396
3519	2420
4089	4917
1828	3232
1615	5442
3228	230
4252	2081
1844	1198
2369	3538
3779	2638
303	440
1977	3413
972	847
5606	3721
4791	3103
1914	201
1508	1841
237	1019
5603	5247
4754	809
389	3929
731	2464
5401	1754
1649	2267
2249	1579
3343	2883
1865	37
4382	4099
2031	1030
46	2750
3756	152
1720	491
238	1669
4581	4261
5200	5526
2735	3038
5094	5044
5439	2898
732	361
1296	1211
3527	4608
2589	1041
3999	638
1143	89
2700	3578
3661	975
3662	2380
4196	4586
5556	3478
1845	2438
305	432
1978	977
3376	1819
3728	1488
1032	4040
5914	3787
1509	1746
5232	219
3577	1743
4592	458
1616	2808
3819	476
4322	563
5600	3839
47	1695
511	1590
4555	2067
350	1919
734	84
4280	3981
1340	2287
2965	3237
1846	3117
4613	23
1617	3444
3074	5427
4896	2013
4323	1248
2370	3884
1476	573
5718	4862
3229	1218
5400	4289
3801	2656
48	1284
2072	595
4074	1495
860	1727
5307	2718
1576	3196
5987	4321
3176	1527
83	2168
1341	4858
4679	4641
1144	3819
4684	2214
3663	2045
5979	5456
5988	5017
1785	4165
4502	4843
5570	4397
2624	1474
3038	4994
2019	702
3392	3925
3896	5698
4508	5650
444	2537
1577	3437
4556	1820
5889	4931
3248	5189
2653	5294
5903	5666
4264	2937
5955	3094
2144	4151
4399	204
5122	3260
627	2072
3249	5535
5620	3389
1549	3294
3068	2054
2456	4251
5390	1193
1219	3403
2834	2757
4070	4315
2074	172
5992	5515
84	1357
5534	3398
2075	3552
5993	3202
5834	5289
899	3629
362	5617
2091	1756
5441	5056
3979	5188
2701	2161
5038	4268
5632	3643
5134	5090
3782	859
5036	3154
5961	5464
3729	4845
5843	4921
4324	4106
4123	3536
4724	621
306	4200
3766	3264
1297	4998
3357	4144
4612	1503
3877	5127
5032	4347
1578	5522
5367	5537
1372	2323
3047	4922
5091	5367
568	3602
5013	4431
4944	1288
5675	2152
239	2191
4224	2753
3445	3998
4977	4462
5388	5681
4764	2074
5971	4366
3802	1652
5315	2102
445	775
4739	2144
2371	28
5638	4720
5236	5052
5212	4468
4065	4032
4831	4822
5065	5510
1550	3086
5378	5463
1266	212
4539	3268
3536	3488
3664	1504
3867	3096
5550	3669
3048	2378
3075	5053
5610	4927
5206	4763
5998	5459
5507	4465
1011	5346
5213	5451
240	1667
5508	3775
5317	2779
3878	4339
4824	4205
5791	4926
1342	2277
4181	3774
3393	1905
5771	3966
4154	3010
4059	3486
4930	618
4047	5525
4210	730
1145	3829
4393	3991
5363	4437
4740	3239
4325	2927
5316	4467
3680	5209
5753	4481
446	4972
5794	4615
1829	3226
2879	1875
956	4253
5137	4244
3544	3670
3537	3152
3745	15
4599	3995
5558	3090
5535	3399
3545	3671
1433	3021
3422	4612
4587	3019
3520	5041
2390	174
3328	3212
144	4756
5082	3130
2880	462
4965	3333
5281	5656
1650	3805
5601	5659
3329	4039
3711	3576
4540	3611
5985	4395
4453	5172
735	907
3143	4104
6005	4969
2298	4173
6007	4302
3076	982
5887	3394
5154	5607
2677	1823
5913	5483
2702	3972
5954	5283
5024	5667
5457	3639
3144	3277
5083	247
3868	4761
3230	3711
5551	5675
4048	2201
2654	3567
307	4196
3250	5390
5995	5465
5844	3773
4703	1203
5996	4847
900	2153
3665	2043
5510	3777
5608	4726
5633	3644
4182	3390
2299	4899
4782	3574
5449	4475
5619	4868
4685	1528
1051	1718
4370	624
512	4153
5368	5452
4693	1483
2805	1742
736	904
4291	2194
4066	3814
4634	3689
1357	4670
5528	5089
5634	3645
4394	4770
1847	1988
569	3271
1298	1132
861	4860
4215	5453
5637	5471
5414	5070
5870	2230
4913	4928
4142	4703
6002	5018
5123	3162
6006	3815
2914	4830
5484	5682
1434	4970
3145	3321
3879	2321
570	712
2340	4286
4978	3638
5007	4965
5840	2270
5392	4294
5997	4846
2609	3516
1721	952
5974	5611
1198	5265
4697	162
3820	5169
3869	4762
4796	4093
3712	4154
2540	1890
2598	2686
5888	3678
5867	3963
1343	4273
3901	2216
2188	3980
4644	2260
513	3161
5356	5064
241	45
5990	5019
5025	2528
3713	3539
5681	2648
1373	1829
1848	3259
5983	5529
3746	4324
5338	4904
3783	4361
5994	4362
5999	3401
5615	1281
4383	1385
5095	5551
737	985
5098	4380
3021	5123
814	5703
4247	5078
5975	4363
3039	3273
2591	1077
1830	3368
4887	4314
5207	4759
2409	601
4966	4690
1299	1128
5133	4903
1267	3917
4265	2935
242	1674
4882	5444
5245	3082
5728	3391
2092	5030
2703	3646
3747	5234
5233	227
2250	3033
5876	5468
5563	5595
5422	3698
4060	3487
5375	2268
5866	5528
929	1987
1849	2082
5214	4469
5237	2951
3823	4700
5287	3339
5249	4301
1722	1758
5132	5690
4061	3480
5209	3636
2840	5485
4582	3708
2806	1732
5859	3397
4741	2473
1344	2696
1723	5072
5489	4195
4516	5091
5811	5684
4529	4464
901	2297
4584	4708
4062	2910
5124	3547
4541	2305
1146	2162
1651	3482
3609	1361
5357	4918
4428	5035
5085	1397
571	677
5096	3642
5805	5661
2410	4401
572	700
2076	1832
2807	1460
3330	568
4005	2549
2121	1964
1435	1882
4416	2702
4481	5559
4458	5363
3203	1643
5665	417
3358	3075
798	2129
5164	5548
4585	4297
4096	1734
2493	1085
1199	4718
1786	4166
49	3939
4725	2125
2808	2176
862	4234
4364	4381
1200	3384
5911	3121
4859	3624
4001	786
5572	3569
3359	3077
628	326
1787	4449
2325	3472
2599	1318
4443	1014
3792	5263
2915	1978
4860	2379
243	674
5110	3817
2145	3808
514	1382
5641	1295
2999	5076
5594	4878
5396	4242
799	4023
4914	5399
3000	3759
244	1571
4888	4309
3827	2001
1220	5392
1345	72
1915	1190
1579	4954
5145	2792
5502	4781
515	1570
5578	1772
2600	4409
4999	4729
516	2071
4067	2748
5511	3275
145	41
3377	1904
2736	2693
3568	1362
2592	1023
3492	1320
4892	2376
573	718
2494	1794
4090	2555
4384	3210
5248	17
2411	714
5686	5310
1551	522
2205	5705
2251	1567
50	4125
902	593
5592	3564
5832	4105
863	1680
2495	1079
2054	3269
5973	3534
738	2467
3803	1634
1587	3133
3748	399
517	1598
146	1443
3974	211
2541	1893
739	2290
4301	2097
5726	4031
2737	4539
574	692
1981	600
5532	2390
2252	1549
4266	3158
447	749
1147	1410
5499	2316
4293	5360
3177	1786
1436	4444
575	665
3446	1373
1724	1464
3146	2022
518	1606
3757	150
3610	3707
2457	3053
1652	3806
1588	2313
3841	2414
2253	2785
3469	1584
4530	4855
903	4069
3975	833
5204	2364
3886	4413
4476	4795
308	3623
1982	1502
448	755
2881	2461
51	3369
5873	4217
3108	1955
3069	2056
3968	443
3344	648
4033	1185
1300	1126
2809	2146
3569	1595
3178	2647
4163	2108
1052	2603
1983	1522
245	779
2189	2028
2372	2566
3470	636
1552	3322
1012	3366
1790	2402
2146	5107
5407	5424
309	3628
4742	3254
3804	1637
4343	1450
1788	3404
3179	1750
2300	1300
2882	1025
246	1689
740	1404
4417	2295
1201	1156
1346	2285
2543	1784
519	675
3302	3008
1437	1026
1148	630
4097	2222
5682	5057
2301	3274
1149	381
3714	4152
1301	2613
2254	1577
1984	2945
957	2094
3360	1319
1866	2338
2093	3047
2593	397
741	1015
3813	1918
3684	2695
4371	2073
1553	2150
247	999
5962	4266
3109	1944
3345	912
2147	5440
2391	4043
576	699
2032	2088
1347	2274
2327	4600
3180	3344
3110	1943
5322	3940
577	4136
5018	2867
4704	1208
4525	2049
4002	2752
4595	4438
800	3417
742	986
2392	2254
1985	3416
5636	4204
4920	3509
52	3057
3846	566
311	463
248	1712
1477	546
4302	2050
449	738
2937	2882
743	1542
3331	971
4488	3279
5304	4192
4773	3449
3022	3894
4248	2685
85	956
930	1230
4144	3495
5289	5531
4271	4208
5019	2858
1150	797
2835	935
5614	1518
312	281
578	694
1986	3146
2916	1821
4623	378
3870	2691
2123	96
1374	909
4311	4943
3181	2244
2938	4201
5146	2205
1013	2813
1348	2283
1916	1452
5216	5104
1987	3421
2124	400
3630	2728
3685	2242
629	331
3958	2496
3182	1061
3701	5521
2373	928
3723	3887
5395	3687
5703	5093
1988	1306
5178	1475
1831	2622
2156	1814
2190	1941
1202	3910
3456	4512
1302	1177
904	1780
2191	1616
4435	5623
4931	590
3425	2965
2836	710
3917	4902
1510	4678
4211	2731
4974	4702
905	634
3521	5023
744	2442
630	882
1994	1472
801	4456
4403	5267
1725	2586
931	1437
249	1048
2496	1116
5121	6
5229	5143
631	246
3231	1162
313	3626
1917	2816
3303	845
6010	3109
1349	852
2148	5599
4991	5579
2738	2824
2077	1832
3275	3208
